single_rate
hypothetical SFs
1
100  260
1000
49 128 51 131 0 1 0.2007569241355582
49 127 51 132 0 1 0.18565284706691895
48 125 52 134 0 1 0.10593497333562704
50 128 50 131 0 1 0.11801135386203336
48 126 52 133 0 1 0.10968518837089282
50 129 50 130 0 1 0.1513848271116463
50 128 50 130 0 1 0 1 0.12857388611732323

single_rate
hypothetical SFs
1
100  261
1000
49 127 51 133 0 1 0.13439685314685315
50 129 50 131 0 1 0.14291958041958042
49 129 51 131 0 1 0.1299637862137862
49 128 51 132 0 1 0.1886863136863137
48 126 52 134 0 1 0.10573801198801198
50 130 50 130 0 1 0.09484265734265734
50 129 50 130 0 1 0 1 0.11045204795204797
49 128 51 131 0 1 0 1 0.09300074925074925

single_rate
hypothetical SFs
1
100  262
1000
50 129 50 132 0 1 0.12850994056159049
48 127 52 134 0 1 0.11774953883992621
50 129 50 131 0 1 0 1 0.11710049873607979
49 129 51 132 0 1 0.1878458700553392
50 130 50 131 0 1 0.15098722415795587
48 126 52 134 0 1 0 1 0.09930313588850173
49 128 51 133 0 1 0.1985037917606067

single_rate
hypothetical SFs
1
100  263
1000
50 129 50 132 0 1 0 1 0.07982546201232031
49 128 51 133 0 1 0 1 0.09327515400410676
50 131 50 131 0 1 0.07538501026694044
49 130 51 132 0 1 0.1138860369609856
50 130 50 131 0 1 0 1 0.09876796714579054
48 127 52 134 0 1 0 1 0.07800308008213551
49 129 51 133 0 1 0.16737679671457903
49 129 51 132 0 1 0 1 0.07992813141683777
50 130 50 132 0 1 0.13341889117043118
49 128 51 134 0 1 0.08013347022587268

single_rate
hypothetical SFs
1
100  264
1000
49 130 51 132 0 1 0 1 0.10315029181311061
49 129 51 133 0 1 0 1 0.1537097346274143
49 129 51 134 0 1 0.1344919872311611
50 131 50 132 0 1 0.15335504465869151
49 130 51 133 0 1 0.19988391964659982
48 128 52 134 0 1 0 1 0.09940992487021572
50 130 50 132 0 1 0 1 0.15599909715280688

single_rate
hypothetical SFs
1
100  265
1000
49 130 51 134 0 1 0.1434124879459981
50 131 50 133 0 1 0.09182135969141757
49 131 51 133 0 1 0.1355472516875603
49 130 51 133 0 1 0 1 0.17641031822565093
50 131 50 132 0 1 0 1 0.1671890067502411
49 129 51 134 0 1 0 1 0.09124879459980714
50 132 50 132 0 1 0.10043997107039537
49 129 51 135 0 1 0.09393081002892961

single_rate
hypothetical SFs
1
100  266
1000
49 130 51 134 0 1 0 1 0.1342223056938054
50 132 50 132 0 1 0 1 0.14251729426863244
50 131 50 132 0 1 0 1 0 1 0.09659748959213697
49 131 51 133 0 1 0 1 0.16762137289886375
49 130 51 135 0 1 0.12426831940401291
50 131 50 133 0 1 0 1 0.1076783422543588
50 132 50 133 0 1 0.09190221304034808
49 131 51 134 0 1 0.13519266284784173

single_rate
hypothetical SFs
1
100  267
1000
50 132 50 134 0 1 0.10883269059626226
49 131 51 135 0 1 0.16341590032631267
49 131 51 134 0 1 0 1 0.18948383269059627
50 132 50 133 0 1 0 1 0.16070898843073272
49 130 51 135 0 1 0 1 0.1326386828834174
49 131 51 133 0 1 0 1 0 1 0.11710175022248591
50 132 50 132 0 1 0 1 0 1 0.12781815485019282

single_rate
hypothetical SFs
1
100  268
1000
50 132 50 134 0 1 0 1 0.1500467227339474
49 132 51 135 0 1 0.10105459885195568
50 132 50 133 0 1 0 1 0 1 0.12177946869576825
48 130 52 136 0 1 0 1 0.09905219596849553
49 131 51 135 0 1 0 1 0.17791349619543453
49 131 51 136 0 1 0.12571752769990654
49 132 51 134 0 1 0 1 0.11380323054331863
49 131 51 134 0 1 0 1 0 1 0.1106327593111734

single_rate
hypothetical SFs
1
100  269
1000
49 132 51 135 0 1 0 1 0.19085237400745422
49 131 51 137 0 1 0.11829525198509155
49 131 51 136 0 1 0 1 0.1576729865499919
49 132 51 136 0 1 0.1353508345486955
50 132 50 134 0 1 0 1 0 1 0.14527629233511588
50 133 50 134 0 1 0 1 0.13445956895154754
50 132 50 135 0 1 0 1 0.11809269162210338

single_rate
hypothetical SFs
1
100  270
1000
49 133 51 135 0 1 0 1 0.17864133563615428
50 133 50 134 0 1 0 1 0 1 0.18031088082901556
49 132 51 135 0 1 0 1 0 1 0.1989061600460564
49 132 51 137 0 1 0.17996545768566496
49 132 51 136 0 1 0 1 0.2621761658031088

single_rate
hypothetical SFs
1
100  271
1000
49 132 51 136 0 1 0 1 0 1 0.1856265580349
49 132 51 137 0 1 0 1 0.2592570073569648
48 131 52 138 0 1 0 1 0.18088405180276038
49 133 51 136 0 1 0 1 0.21019030826290505
49 133 51 135 0 1 0 1 0 1 0.16404207454246975

single_rate
hypothetical SFs
1
100  272
1000
49 133 51 136 0 1 0 1 0 1 0.20136003022289384
49 134 51 136 0 1 0 1 0.17302606724593877
50 134 50 135 0 1 0 1 0 1 0.17913361037652686
50 134 50 136 0 1 0 1 0.18221886412290642
49 133 51 137 0 1 0 1 0.264261428031734

single_rate
hypothetical SFs
1
100  273
1000
49 134 51 137 0 1 0 1 0.29883175831535086
50 134 50 136 0 1 0 1 0 1 0.2358062355830047
49 133 51 137 0 1 0 1 0 1 0.22903489842994268
49 133 51 138 0 1 0 1 0.23632710767170173

single_rate
hypothetical SFs
1
100  274
1000
50 135 50 136 0 1 0 1 0 1 0.15636985591375557
49 134 51 139 0 1 0.15144604540271586
49 133 51 139 0 1 0 1 0.15725095884731005
49 135 51 137 0 1 0 1 0.1504094537161812
49 134 51 137 0 1 0 1 0 1 0.1875194360941225
49 134 51 138 0 1 0 1 0.1970042500259148

single_rate
hypothetical SFs
1
100  275
1000
49 134 51 138 0 1 0 1 0 1 0.1860606060606061
49 134 51 139 0 1 0 1 0.2658787878787879
49 135 51 137 0 1 0 1 0 1 0.17442424242424245
48 133 52 140 0 1 0 1 0.17181818181818184
49 135 51 138 0 1 0 1 0.20181818181818187

single_rate
hypothetical SFs
1
100  276
1000
49 135 51 139 0 1 0 1 0.26249013537303467
49 134 51 140 0 1 0 1 0.1773204637892309
49 135 51 138 0 1 0 1 0 1 0.19923511200145697
50 136 50 138 0 1 0 1 0.1836338250470467
49 134 51 139 0 1 0 1 0 1 0.1773204637892309

single_rate
hypothetical SFs
1
100  277
1000
50 136 50 138 0 1 0 1 0 1 0.20694380995888534
50 137 50 138 0 1 0 1 0.15480813156692552
49 135 51 139 0 1 0 1 0 1 0.20671539515760623
49 136 51 139 0 1 0 1 0.2310986751941526
49 135 51 140 0 1 0 1 0.20043398812243032

single_rate
hypothetical SFs
1
100  278
1000
49 136 51 140 0 1 0 1 0.19765166340508805
49 137 51 139 0 1 0 1 0.1422700587084149
49 135 51 140 0 1 0 1 0 1 0.1487279843444227
49 136 51 139 0 1 0 1 0 1 0.19970645792563602
50 137 50 138 0 1 0 1 0 1 0.1648238747553816
49 135 51 141 0 1 0 1 0.14681996086105675

single_rate
hypothetical SFs
1
100  279
1000
50 137 50 139 0 1 0 1 0 1 0.1568103777184281
49 136 51 140 0 1 0 1 0 1 0.23802256499700225
49 136 51 141 0 1 0 1 0.2432005232463073
49 137 51 139 0 1 0 1 0 1 0.17768572518667902
49 137 51 140 0 1 0 1 0.18428080885158338

single_rate
hypothetical SFs
1
100  280
1000
49 137 51 140 0 1 0 1 0 1 0.2187154223088677
49 137 51 141 0 1 0 1 0.23931713999683865
48 135 52 142 0 1 0 1 0 1 0.1536435007113125
49 136 51 141 0 1 0 1 0 1 0.2178723852679277
50 138 50 139 0 1 0 1 0 1 0.17045155171505347

single_rate
hypothetical SFs
1
100  281
1000
49 137 51 142 0 1 0 1 0.15612088575275057
49 137 51 141 0 1 0 1 0 1 0.25305231883385176
50 138 50 139 0 1 0 1 0 1 0 1 0.14117264750940067
48 135 52 144 0 1 0 1 0.14544357272178635
49 137 51 140 0 1 0 1 0 1 0 1 0.15073580613713383
50 138 50 140 0 1 0 1 0 1 0.15347476904507684

single_rate
hypothetical SFs
1
100  282
1000
49 139 51 141 0 1 0 1 0.14956521739130435
49 137 51 141 0 1 0 1 0 1 0 1 0.19074168797953964
49 137 51 143 0 1 0 1 0.16552429667519183
49 137 51 142 0 1 0 1 0 1 0.18163682864450129
50 138 50 140 0 1 0 1 0 1 0 1 0.15145780051150898
50 139 50 140 0 1 0 1 0 1 0.16107416879795397

single_rate
hypothetical SFs
1
100  283
1000
49 139 51 141 0 1 0 1 0 1 0.24155210073236544
49 137 51 144 0 1 0 1 0.17172041629191828
49 137 51 143 0 1 0 1 0 1 0.19067197738661187
50 139 50 140 0 1 0 1 0 1 0 1 0.21309263780033405
49 139 51 142 0 1 0 1 0.18296286778877038

single_rate
hypothetical SFs
1
100  284
1000
49 139 51 142 0 1 0 1 0 1 0.22110939907550078
49 139 51 143 0 1 0 1 0.21269902413970213
50 140 50 140 0 1 0 1 0 1 0 1 0.1746918335901387
49 139 51 141 0 1 0 1 0 1 0 1 0.19895993836671805
50 139 50 142 0 1 0 1 0 1 0.19253980482794045

single_rate
hypothetical SFs
1
100  285
1000
50 139 50 142 0 1 0 1 0 1 0 1 0.1588731679461963
49 139 51 144 0 1 0 1 0.22968085781359052
49 139 51 142 0 1 0 1 0 1 0 1 0.16147452572806295
49 139 51 143 0 1 0 1 0 1 0.23450288687266035
50 140 50 142 0 1 0 1 0 1 0.21546856163948985

single_rate
hypothetical SFs
1
100  286
1000
49 139 51 144 0 1 0 1 0 1 0.3273669335845502
49 139 51 145 0 1 0 1 0.3571361281205841
50 140 50 142 0 1 0 1 0 1 0 1 0.31549693829486575

single_rate
hypothetical SFs
1
100  287
1000
49 140 51 145 0 1 0 1 0.2348322147651007
49 140 51 144 0 1 0 1 0 1 0.1959060402684564
50 140 50 142 0 1 0 1 0 1 0 1 0 1 0.1691275167785235
49 139 51 145 0 1 0 1 0 1 0.21986577181208053
50 140 50 144 0 1 0 1 0 1 0.18026845637583894

single_rate
hypothetical SFs
1
100  288
1000
50 142 50 144 0 1 0 1 0.1750255188839741
49 140 51 145 0 1 0 1 0 1 0.23783599863899282
49 141 51 145 0 1 0 1 0.2312351139843484
49 141 51 144 0 1 0 1 0 1 0.18346376318475668
49 140 51 146 0 1 0 1 0.17243960530792785

single_rate
hypothetical SFs
1
100  289
1000
50 142 50 144 0 1 0 1 0 1 0.22665895061728394
49 141 51 145 0 1 0 1 0 1 0.2432484567901235
49 142 51 145 0 1 0 1 0.21270576131687244
49 140 51 147 0 1 0 1 0.15380658436213993
49 141 51 146 0 1 0 1 0.16358024691358025

single_rate
hypothetical SFs
1
100  290
1000
49 142 51 145 0 1 0 1 0 1 0.37050431987140847
49 142 51 146 0 1 0 1 0.30098452883263005
50 142 50 144 0 1 0 1 0 1 0 1 0.32851115129596137

single_rate
hypothetical SFs
1
100  291
1000
49 142 51 145 0 1 0 1 0 1 0 1 0.16362617520702322
49 142 51 147 0 1 0 1 0.23242637444741923
49 143 51 146 0 1 0 1 0.18348795218230496
49 142 51 146 0 1 0 1 0 1 0.2095137289085362
49 143 51 145 0 1 0 1 0 1 0.2109457692547164

single_rate
hypothetical SFs
1
100  292
1000
50 144 50 145 0 1 0 1 0 1 0.19811802465533587
49 143 51 146 0 1 0 1 0 1 0.2516594937632212
49 142 51 147 0 1 0 1 0 1 0.260704646582537
49 143 51 147 0 1 0 1 0.2895178349989058

single_rate
hypothetical SFs
1
100  293
1000
49 143 51 147 0 1 0 1 0 1 0.27692123102765615
49 144 51 147 0 1 0 1 0.17193592896994422
50 144 50 146 0 1 0 1 0 1 0.21321015057891896
49 143 51 148 0 1 0 1 0.18105465234867119
50 144 50 145 0 1 0 1 0 1 0 1 0.15687803707480952

single_rate
hypothetical SFs
1
100  294
1000
49 143 51 149 0 1 0 1 0.1974154695439433
50 144 50 146 0 1 0 1 0 1 0 1 0.20550781004955773
49 143 51 148 0 1 0 1 0 1 0.1877548459946051
49 144 51 147 0 1 0 1 0 1 0.2161721347468791
49 143 51 147 0 1 0 1 0 1 0 1 0.19314973966501475

single_rate
hypothetical SFs
1
100  295
1000
49 143 51 149 0 1 0 1 0 1 0.21677495569994093
49 145 51 147 0 1 0 1 0 1 0.21289342671504513
50 145 50 146 0 1 0 1 0 1 0 1 0.18715720192388827
50 146 50 146 0 1 0 1 0 1 0.2093494219897055
49 144 51 149 0 1 0 1 0.17382499367142012

single_rate
hypothetical SFs
1
100  296
1000
50 146 50 146 0 1 0 1 0 1 0 1 0.23941169965719342
49 145 51 149 0 1 0 1 0.24859006966714586
49 144 51 149 0 1 0 1 0 1 0.27048545836558663
49 145 51 148 0 1 0 1 0 1 0.2415127723100741

single_rate
hypothetical SFs
1
100  297
1000
50 146 50 147 0 1 0 1 0 1 0 1 0.17928776094965207
49 145 51 149 0 1 0 1 0 1 0.25673352435530084
50 146 50 148 0 1 0 1 0 1 0.23487515349979535
49 144 51 149 0 1 0 1 0 1 0 1 0.16299631600491202
49 145 51 148 0 1 0 1 0 1 0 1 0.16610724519033976

single_rate
hypothetical SFs
1
100  298
1000
49 145 51 151 0 1 0 1 0.1804492717847445
49 145 51 150 0 1 0 1 0 1 0.19468444005595326
50 146 50 148 0 1 0 1 0 1 0 1 0.2223319345017691
49 146 51 149 0 1 0 1 0 1 0.17320826133464987
49 145 51 149 0 1 0 1 0 1 0 1 0.22932609232288323

single_rate
hypothetical SFs
1
100  299
1000
49 146 51 149 0 1 0 1 0 1 0 1 0.18696077559370275
49 145 51 151 0 1 0 1 0 1 0.23845948590233923
49 147 51 149 0 1 0 1 0 1 0.20581695277061282
49 145 51 150 0 1 0 1 0 1 0 1 0.1895401583207329
50 147 50 148 0 1 0 1 0 1 0 1 0.1792226274126123

single_rate
hypothetical SFs
1
100  300
1000
49 147 51 150 0 1 0 1 0 1 0.4725910064239829
49 146 51 151 0 1 0 1 0 1 0.5274089935760171

single_rate
hypothetical SFs
1
100  301
1000
49 147 51 150 0 1 0 1 0 1 0 1 0.17892628205128205
50 148 50 149 0 1 0 1 0 1 0 1 0.1716346153846154
49 146 51 151 0 1 0 1 0 1 0 1 0.17259615384615384
50 148 50 150 0 1 0 1 0 1 0.21891025641025644
49 147 51 151 0 1 0 1 0 1 0.25793269230769234

single_rate
hypothetical SFs
1
100  302
1000
49 147 51 152 0 1 0 1 0 1 0.18724939855653566
49 148 51 151 0 1 0 1 0 1 0.16295108259823576
49 147 51 151 0 1 0 1 0 1 0 1 0.2499599037690457
49 147 51 153 0 1 0 1 0.17465918203688854
50 148 50 150 0 1 0 1 0 1 0 1 0.2251804330392943

single_rate
hypothetical SFs
1
100  303
1000
49 147 51 153 0 1 0 1 0 1 0.24095471029771445
49 148 51 151 0 1 0 1 0 1 0 1 0.18984566079109386
49 149 51 151 0 1 0 1 0 1 0.19246015012229065
49 147 51 152 0 1 0 1 0 1 0 1 0.1865564645357173
50 148 50 150 0 1 0 1 0 1 0 1 0 1 0.1901830142531838

single_rate
hypothetical SFs
1
101  260
1000
50 128 51 130 0 1 0 1 0.16110726044013168
49 127 52 132 0 1 0.1858430081441691
49 126 52 133 0 1 0.14633512389533873
50 128 51 131 0 1 0.22630393346040548
50 127 51 132 0 1 0.12649454167388666
50 129 51 130 0 1 0.15391613238606824

single_rate
hypothetical SFs
1
101  261
1000
50 129 51 130 0 1 0 1 0.12288360328015993
49 127 52 133 0 1 0.167312635143405
50 128 51 131 0 1 0 1 0.1675166251886908
50 129 51 131 0 1 0.20990575659907798
50 128 51 132 0 1 0.1829382726122965
49 128 52 132 0 1 0.1494431071763698

single_rate
hypothetical SFs
1
101  262
1000
50 128 51 133 0 1 0.12945283256928966
49 128 52 133 0 1 0.16709425074651976
50 129 51 131 0 1 0 1 0.17613660259915045
50 129 51 132 0 1 0.2119695504058544
50 130 51 131 0 1 0.16078563317491695
49 127 52 134 0 1 0.15456113050426884

single_rate
hypothetical SFs
1
101  263
1000
50 129 51 133 0 1 0.18239267814338636
49 129 52 133 0 1 0.13968184789714536
49 128 52 134 0 1 0.17040749618653303
50 129 51 132 0 1 0 1 0.1574199171932883
50 130 51 132 0 1 0.210982784920462
50 130 51 131 0 1 0 1 0.139115275659185

single_rate
hypothetical SFs
1
101  264
1000
49 128 52 134 0 1 0 1 0.1404703247480403
50 131 51 132 0 1 0.14651735722284437
50 130 51 133 0 1 0.22378499440089583
50 129 51 133 0 1 0 1 0.15090705487122058
50 130 51 132 0 1 0 1 0.1714221724524076
49 129 52 134 0 1 0.16689809630459126

single_rate
hypothetical SFs
1
101  265
1000
50 131 51 133 0 1 0.21194263578669742
50 130 51 133 0 1 0 1 0.21697024643534163
50 130 51 134 0 1 0.13133602571499217
49 129 52 134 0 1 0 1 0.1638918651611308
50 131 51 132 0 1 0 1 0.134055880656062
49 130 52 134 0 1 0.14180334624577598

single_rate
hypothetical SFs
1
101  266
1000
50 132 51 133 0 1 0.1863324437666794
50 130 51 134 0 1 0 1 0.1410121997712543
50 131 51 134 0 1 0.18371139916126572
50 131 51 133 0 1 0 1 0.2832634388105223
49 130 52 134 0 1 0 1 0.2056805184902783

single_rate
hypothetical SFs
1
101  267
1000
49 130 52 136 0 1 0.10268084672624103
50 131 51 135 0 1 0.10302062451156943
50 131 51 133 0 1 0 1 0 1 0.11178689137304201
50 132 51 134 0 1 0.12836804729706772
50 131 51 134 0 1 0 1 0.14603649213414424
49 131 52 134 0 1 0 1 0.11453909143420202
50 132 51 133 0 1 0 1 0.18038802623084502
49 130 52 135 0 1 0 1 0.11317998029288845

single_rate
hypothetical SFs
1
101  268
1000
50 132 51 134 0 1 0 1 0.23007861354296943
50 132 51 135 0 1 0.1564677505806682
50 131 51 135 0 1 0 1 0.139985706628551
49 131 52 135 0 1 0 1 0.14637305699481865
50 132 51 133 0 1 0 1 0 1 0.17643380382347684
49 130 52 136 0 1 0 1 0.15066106842951582

single_rate
hypothetical SFs
1
101  269
1000
50 132 51 135 0 1 0 1 0.2722324966974901
49 131 52 136 0 1 0 1 0.21331571994715987
50 132 51 134 0 1 0 1 0 1 0.21986789960369882
50 133 51 134 0 1 0 1 0.1434081902245707
50 132 51 136 0 1 0.15117569352708057

single_rate
hypothetical SFs
1
101  270
1000
49 131 52 137 0 1 0 1 0.1785108498567
50 132 51 136 0 1 0 1 0.21114815464701409
50 133 51 135 0 1 0 1 0.20798970579633852
49 132 52 136 0 1 0 1 0.1795636661402585
50 132 51 135 0 1 0 1 0 1 0.2227876235596888

single_rate
hypothetical SFs
1
101  271
1000
50 132 51 136 0 1 0 1 0 1 0.17670828056208912
50 133 51 136 0 1 0 1 0.22827332488993426
50 133 51 135 0 1 0 1 0 1 0.2166334961703154
49 132 52 136 0 1 0 1 0 1 0.17966347023701826
49 132 52 137 0 1 0 1 0.1987214281406429

single_rate
hypothetical SFs
1
101  272
1000
50 134 51 136 0 1 0 1 0.17020748535689467
50 133 51 136 0 1 0 1 0 1 0.17115060061550677
49 132 52 137 0 1 0 1 0 1 0.1455375756974089
50 133 51 137 0 1 0 1 0.176561103941229
50 134 51 135 0 1 0 1 0 1 0.14653032860121115
49 132 52 138 0 1 0 1 0.19001290578774943

single_rate
hypothetical SFs
1
101  273
1000
50 134 51 136 0 1 0 1 0 1 0.22083282748573513
49 132 52 138 0 1 0 1 0 1 0.17075391526041034
50 133 51 137 0 1 0 1 0 1 0.18611144834284327
50 134 51 137 0 1 0 1 0.22556756100522035
49 133 52 138 0 1 0 1 0.19673424790579094

single_rate
hypothetical SFs
1
101  274
1000
50 135 51 137 0 1 0 1 0.20976205003050644
50 134 51 138 0 1 0 1 0.1815131177547285
49 134 52 138 0 1 0 1 0.18572300183038437
50 134 51 137 0 1 0 1 0 1 0.24289200732153754
49 133 52 138 0 1 0 1 0 1 0.1801098230628432

single_rate
hypothetical SFs
1
101  275
1000
49 134 52 138 0 1 0 1 0 1 0.19865128883846978
49 134 52 139 0 1 0 1 0.18402974727421692
49 133 52 140 0 1 0 1 0.1794290035923615
50 135 51 137 0 1 0 1 0 1 0.23514211886304912
50 135 51 138 0 1 0 1 0.20274784143190266

single_rate
hypothetical SFs
1
101  276
1000
50 135 51 139 0 1 0 1 0.18146464646464644
50 136 51 137 0 1 0 1 0 1 0.15328282828282827
49 134 52 139 0 1 0 1 0 1 0.14757575757575755
50 135 51 138 0 1 0 1 0 1 0.16691919191919194
49 134 52 140 0 1 0 1 0.19808080808080805
50 136 51 138 0 1 0 1 0.15267676767676766

single_rate
hypothetical SFs
1
101  277
1000
49 134 52 140 0 1 0 1 0 1 0.18565426170468183
50 135 51 139 0 1 0 1 0 1 0.1971788715486194
49 135 52 140 0 1 0 1 0.18595438175270104
50 136 51 138 0 1 0 1 0 1 0.2054021608643457
50 136 51 139 0 1 0 1 0.22581032412965182

single_rate
hypothetical SFs
1
101  278
1000
49 135 52 140 0 1 0 1 0 1 0.18360970920451813
50 137 51 139 0 1 0 1 0.201634222542658
50 136 51 139 0 1 0 1 0 1 0.25462629175678925
49 135 52 141 0 1 0 1 0.16925018024513339
50 136 51 140 0 1 0 1 0.19087959625090123

single_rate
hypothetical SFs
1
101  279
1000
49 136 52 140 0 1 0 1 0 1 0.19672635530121224
50 137 51 140 0 1 0 1 0.18995754107439544
50 137 51 139 0 1 0 1 0 1 0.23290874407728757
50 136 51 140 0 1 0 1 0 1 0.19789551412220788
49 135 52 142 0 1 0 1 0.18251184542489693

single_rate
hypothetical SFs
1
101  280
1000
50 138 51 140 0 1 0 1 0.14956622885668588
49 136 52 142 0 1 0 1 0.18790287403673728
50 138 51 139 0 1 0 1 0 1 0.1533950467697378
50 137 51 140 0 1 0 1 0 1 0.18514030921339603
49 136 52 141 0 1 0 1 0 1 0.16153734309116463
50 137 51 141 0 1 0 1 0.1624581980322784

single_rate
hypothetical SFs
1
101  281
1000
49 136 52 142 0 1 0 1 0 1 0.19678987227308692
49 137 52 142 0 1 0 1 0.1842997626314005
50 138 51 140 0 1 0 1 0 1 0.22131796089069744
50 138 51 141 0 1 0 1 0.20204589126257488
50 137 51 141 0 1 0 1 0 1 0.19554651294224032

single_rate
hypothetical SFs
1
101  282
1000
49 137 52 142 0 1 0 1 0 1 0.22515367459065444
50 138 51 141 0 1 0 1 0 1 0.24887123973236142
50 138 51 140 0 1 0 1 0 1 0 1 0.1895773268780939
50 139 51 141 0 1 0 1 0.16966762769950497
49 137 52 143 0 1 0 1 0.1667301310993853

single_rate
hypothetical SFs
1
101  283
1000
49 137 52 142 0 1 0 1 0 1 0 1 0.17095334254437242
49 137 52 144 0 1 0 1 0.19736422574131152
50 138 51 141 0 1 0 1 0 1 0 1 0.2051758954192794
49 137 52 143 0 1 0 1 0 1 0.204538208098629
50 139 51 141 0 1 0 1 0 1 0.22196832819640772

single_rate
hypothetical SFs
1
101  284
1000
50 140 51 141 0 1 0 1 0 1 0.21508360507874835
50 139 51 142 0 1 0 1 0 1 0.24124054672864775
49 137 52 144 0 1 0 1 0 1 0.26344272531742174
50 139 51 141 0 1 0 1 0 1 0 1 0.28023312287518215

single_rate
hypothetical SFs
1
101  285
1000
50 139 51 142 0 1 0 1 0 1 0 1 0.1986845532690805
50 140 51 141 0 1 0 1 0 1 0 1 0.2035686376660589
49 139 52 143 0 1 0 1 0 1 0.1959494660067726
49 139 52 144 0 1 0 1 0.19946600677259704
50 139 51 143 0 1 0 1 0 1 0.20233133628549102

single_rate
hypothetical SFs
1
101  286
1000
50 140 51 143 0 1 0 1 0 1 0.2207131822863028
49 139 52 144 0 1 0 1 0 1 0.24227600411946448
50 139 51 144 0 1 0 1 0 1 0.16947734294541708
50 139 51 143 0 1 0 1 0 1 0 1 0.1746266735324408
50 140 51 142 0 1 0 1 0 1 0 1 0.19290679711637487

single_rate
hypothetical SFs
1
101  287
1000
50 140 51 144 0 1 0 1 0 1 0.28470477386934673
50 140 51 143 0 1 0 1 0 1 0 1 0.2605998743718593
49 139 52 144 0 1 0 1 0 1 0 1 0.23194095477386933
49 139 52 145 0 1 0 1 0 1 0.2227543969849246

single_rate
hypothetical SFs
1
101  288
1000
50 140 51 144 0 1 0 1 0 1 0 1 0.2712028377942599
49 140 52 146 0 1 0 1 0.19840374072879716
49 139 52 146 0 1 0 1 0 1 0.21767171880038694
50 140 51 145 0 1 0 1 0 1 0.3127217026765559

single_rate
hypothetical SFs
1
101  289
1000
50 142 51 145 0 1 0 1 0.25210084033613445
50 140 51 145 0 1 0 1 0 1 0 1 0.258322559793148
49 140 52 146 0 1 0 1 0 1 0.24717194570135745
50 142 51 144 0 1 0 1 0 1 0.24240465416936002

single_rate
hypothetical SFs
1
101  290
1000
50 142 51 145 0 1 0 1 0 1 0.2989075117052317
50 142 51 144 0 1 0 1 0 1 0 1 0.195087195494334
49 141 52 146 0 1 0 1 0 1 0.17527312207369206
50 142 51 146 0 1 0 1 0.16346610572029585
49 140 52 147 0 1 0 1 0 1 0.16726606500644634

single_rate
hypothetical SFs
1
101  291
1000
50 142 51 146 0 1 0 1 0 1 0.22026251025430676
50 142 51 145 0 1 0 1 0 1 0 1 0.2681159420289855
50 143 51 145 0 1 0 1 0 1 0.17343450916051406
49 142 52 146 0 1 0 1 0 1 0.17076838939021052
50 142 51 147 0 1 0 1 0.16741864916598304

single_rate
hypothetical SFs
1
101  292
1000
50 142 51 147 0 1 0 1 0 1 0.2122783083219645
50 142 51 146 0 1 0 1 0 1 0 1 0.18717598908594815
49 142 52 147 0 1 0 1 0 1 0.19140518417462482
50 144 51 145 0 1 0 1 0 1 0.21302864938608457
49 142 52 148 0 1 0 1 0.1961118690313779

single_rate
hypothetical SFs
1
101  293
1000
50 144 51 146 0 1 0 1 0 1 0.2065004568594178
50 144 51 147 0 1 0 1 0.21348387938911367
49 142 52 148 0 1 0 1 0 1 0.20976373841535045
49 143 52 148 0 1 0 1 0.17210546925988773
50 144 51 145 0 1 0 1 0 1 0 1 0.19814645607623024

single_rate
hypothetical SFs
1
101  294
1000
50 144 51 146 0 1 0 1 0 1 0 1 0.24329030936283547
50 144 51 147 0 1 0 1 0 1 0.3292358123335382
49 142 52 148 0 1 0 1 0 1 0 1 0.20139315713993033
49 143 52 148 0 1 0 1 0 1 0.22608072116369593

single_rate
hypothetical SFs
1
101  295
1000
50 144 51 148 0 1 0 1 0 1 0.18284228769497402
49 143 52 148 0 1 0 1 0 1 0 1 0.19887348353552864
49 143 52 149 0 1 0 1 0 1 0.17885615251299827
50 144 51 147 0 1 0 1 0 1 0 1 0.25918544194107457
50 145 51 147 0 1 0 1 0 1 0.18024263431542462

single_rate
hypothetical SFs
1
101  296
1000
50 146 51 147 0 1 0 1 0 1 0.19212485424701767
50 144 51 147 0 1 0 1 0 1 0 1 0 1 0.19391873710646695
50 144 51 149 0 1 0 1 0 1 0.20208090411696117
50 145 51 147 0 1 0 1 0 1 0 1 0.19589200825186112
49 143 52 150 0 1 0 1 0 1 0.21598349627769306

single_rate
hypothetical SFs
1
101  297
1000
49 143 52 150 0 1 0 1 0 1 0 1 0.5064552661381654
50 146 51 147 0 1 0 1 0 1 0 1 0.4935447338618346

single_rate
hypothetical SFs
1
101  298
1000
49 145 52 150 0 1 0 1 0 1 0.19010394296022676
49 144 52 150 0 1 0 1 0 1 0 1 0.18254445494373334
50 145 51 149 0 1 0 1 0 1 0 1 0.1834034876728803
50 146 51 148 0 1 0 1 0 1 0 1 0.19585946224551154
50 146 51 149 0 1 0 1 0 1 0.24808865217764794

single_rate
hypothetical SFs
1
101  299
1000
50 146 51 150 0 1 0 1 0 1 0.18100578237252496
50 146 51 149 0 1 0 1 0 1 0 1 0.2564394603118977
49 145 52 150 0 1 0 1 0 1 0 1 0.21447345365340806
49 145 52 151 0 1 0 1 0 1 0.1768880322411074
49 144 52 152 0 1 0 1 0 1 0.17119327142106183

single_rate
hypothetical SFs
1
101  300
1000
50 146 51 151 0 1 0 1 0 1 0.1953734188182291
50 146 51 149 0 1 0 1 0 1 0 1 0 1 0.20568359036562123
50 146 51 150 0 1 0 1 0 1 0 1 0.19138797435453128
49 145 52 152 0 1 0 1 0 1 0.2152140010396812
50 147 51 149 0 1 0 1 0 1 0 1 0.1923410154219373

single_rate
hypothetical SFs
1
101  301
1000
49 145 52 152 0 1 0 1 0 1 0 1 0.21683114035087722
50 148 51 150 0 1 0 1 0 1 0.18357090643274854
50 148 51 149 0 1 0 1 0 1 0 1 0.20413011695906433
50 147 51 151 0 1 0 1 0 1 0.1910635964912281
50 146 51 151 0 1 0 1 0 1 0 1 0.20440423976608188

single_rate
hypothetical SFs
1
101  302
1000
50 148 51 151 0 1 0 1 0 1 0.24204147819407698
49 146 52 152 0 1 0 1 0 1 0 1 0.18613979687633353
50 147 51 151 0 1 0 1 0 1 0 1 0.19057779295041394
50 148 51 150 0 1 0 1 0 1 0 1 0.19510113510284202
49 147 52 152 0 1 0 1 0 1 0.18613979687633353

single_rate
hypothetical SFs
1
101  303
1000
49 147 52 152 0 1 0 1 0 1 0 1 0.4445830363506771
50 148 51 151 0 1 0 1 0 1 0 1 0.5554169636493228

single_rate
hypothetical SFs
1
101  304
1000
50 148 51 151 0 1 0 1 0 1 0 1 0 1 0.22580916351408153
50 148 51 152 0 1 0 1 0 1 0 1 0.19024800336275746
50 148 51 153 0 1 0 1 0 1 0.19688944934846575
50 149 51 151 0 1 0 1 0 1 0 1 0.19487179487179487
49 147 52 154 0 1 0 1 0 1 0.19218158890290035

single_rate
hypothetical SFs
1
102  260
1000
49 126 53 133 0 1 0.1234445817882159
50 128 52 130 0 1 0 1 0.14004944375772557
51 128 51 131 0 1 0.12764730119489082
50 128 52 131 0 1 0.15504738360115367
50 127 52 132 0 1 0.18487845076225792
50 127 52 131 0 1 0 1 0.14223320972393902
51 129 51 130 0 1 0.12669962917181707

single_rate
hypothetical SFs
1
102  261
1000
50 128 52 132 0 1 0.2568907885363581
50 128 52 131 0 1 0 1 0.20225765795386047
51 129 51 131 0 1 0.17847553290591264
50 127 52 132 0 1 0 1 0.18718833908707327
50 127 52 133 0 1 0.17518768151679542

single_rate
hypothetical SFs
1
102  262
1000
50 128 52 133 0 1 0.21046410032379095
50 128 52 132 0 1 0 1 0.23621318805571265
50 129 52 132 0 1 0.20784293570437376
51 130 51 131 0 1 0.20033920953898343
50 129 52 131 0 1 0 1 0.14514056637713937

single_rate
hypothetical SFs
1
102  263
1000
50 129 52 132 0 1 0 1 0.167455927414541
50 128 52 133 0 1 0 1 0.1353018424927375
51 130 51 132 0 1 0.147081061721517
51 130 51 131 0 1 0 1 0.13474471725894388
50 129 52 133 0 1 0.16526722113892317
50 130 52 132 0 1 0.11858808547892875
50 128 52 134 0 1 0.13156114449440887

single_rate
hypothetical SFs
1
102  264
1000
50 130 52 133 0 1 0.15148077624275816
50 129 52 133 0 1 0 1 0.1736012640278734
50 130 52 132 0 1 0 1 0.14191953976421018
51 130 51 132 0 1 0 1 0.12028521654580075
50 129 52 134 0 1 0.1618522869991492
51 131 51 132 0 1 0.13122391929668192
51 130 51 133 0 1 0.11963699712352631

single_rate
hypothetical SFs
1
102  265
1000
50 129 52 134 0 1 0 1 0.2079580027441389
51 131 51 132 0 1 0 1 0.1644097118654179
51 131 51 133 0 1 0.18630316769074748
50 130 52 133 0 1 0 1 0.2098073137266599
50 130 52 134 0 1 0.23152180397303584

single_rate
hypothetical SFs
1
102  266
1000
50 130 52 134 0 1 0 1 0.2689902732746642
51 131 51 133 0 1 0 1 0.19013432144511347
50 131 52 133 0 1 0 1 0.16987031032885594
50 131 52 134 0 1 0.19285548865215377
51 132 51 133 0 1 0.1781496062992126

single_rate
hypothetical SFs
1
102  267
1000
51 132 51 133 0 1 0 1 0.22263392576775734
50 131 52 135 0 1 0.16246938391006718
50 131 52 134 0 1 0 1 0.2923444074609056
50 132 52 134 0 1 0.15449349996859887
50 130 52 135 0 1 0 1 0.16805878289267095

single_rate
hypothetical SFs
1
102  268
1000
51 133 51 133 0 1 0 1 0.21202201016925545
50 131 52 134 0 1 0 1 0 1 0.2301316431009264
50 132 52 134 0 1 0 1 0.30626175384829707
50 131 52 135 0 1 0 1 0.25158459288152124

single_rate
hypothetical SFs
1
102  269
1000
51 133 51 134 0 1 0 1 0.18395500296033157
50 132 52 135 0 1 0 1 0.23315571343990527
50 132 52 134 0 1 0 1 0 1 0.22427471876850205
50 131 52 136 0 1 0 1 0.1970988750740083
50 132 52 136 0 1 0.1615156897572528

single_rate
hypothetical SFs
1
102  270
1000
49 131 53 137 0 1 0 1 0.1443456439910534
50 132 52 136 0 1 0 1 0.27641699852708523
50 132 52 135 0 1 0 1 0 1 0.2315203753204953
51 133 51 134 0 1 0 1 0 1 0.159183896132235
51 133 51 135 0 1 0 1 0.18853308602913096

single_rate
hypothetical SFs
1
102  271
1000
50 133 52 136 0 1 0 1 0.23883010984567693
51 134 51 135 0 1 0 1 0.1975874385066379
50 132 52 137 0 1 0 1 0.2626861648359054
50 132 52 136 0 1 0 1 0 1 0.3008962868117798

single_rate
hypothetical SFs
1
102  272
1000
50 133 52 137 0 1 0 1 0.24617947417976388
50 132 52 138 0 1 0 1 0.22358224089230103
50 133 52 136 0 1 0 1 0 1 0.2916636488737597
50 132 52 137 0 1 0 1 0 1 0.2385746360541754

single_rate
hypothetical SFs
1
102  273
1000
50 133 52 136 0 1 0 1 0 1 0 1 0.16839297897413633
50 134 52 136 0 1 0 1 0 1 0.19320225764435897
50 133 52 137 0 1 0 1 0 1 0.23060224523971962
50 134 52 137 0 1 0 1 0.17738634249209204
50 133 52 138 0 1 0 1 0.230416175649693

single_rate
hypothetical SFs
1
102  274
1000
50 134 52 138 0 1 0 1 0.2620559334845049
50 134 52 137 0 1 0 1 0 1 0.26024187452758885
49 132 53 140 0 1 0 1 0.2042328042328042
50 133 52 138 0 1 0 1 0 1 0.273469387755102

single_rate
hypothetical SFs
1
102  275
1000
50 134 52 138 0 1 0 1 0 1 0.26213848079583635
50 134 52 139 0 1 0 1 0.17655972066671058
50 135 52 137 0 1 0 1 0 1 0.17543975228934713
50 135 52 138 0 1 0 1 0.21345279662691874
51 135 51 137 0 1 0 1 0 1 0.17240924962118714

single_rate
hypothetical SFs
1
102  276
1000
50 135 52 138 0 1 0 1 0 1 0.2554681821185488
50 134 52 140 0 1 0 1 0.1787484305821714
50 135 52 139 0 1 0 1 0.18799973567699726
51 136 51 137 0 1 0 1 0 1 0.1839688098856803
50 134 52 139 0 1 0 1 0 1 0.1938148417366021

single_rate
hypothetical SFs
1
102  277
1000
50 135 52 139 0 1 0 1 0 1 0.2231856738925542
50 135 52 138 0 1 0 1 0 1 0 1 0.17957901350926797
50 135 52 140 0 1 0 1 0.22909205152371973
49 134 53 141 0 1 0 1 0.16858309770656613
50 136 52 138 0 1 0 1 0 1 0.1995601633678919

single_rate
hypothetical SFs
1
102  278
1000
50 136 52 140 0 1 0 1 0.2114438980777827
50 136 52 139 0 1 0 1 0 1 0.2067181812376269
50 135 52 140 0 1 0 1 0 1 0.24203333546203457
51 137 51 139 0 1 0 1 0.1710198607829363
50 136 52 138 0 1 0 1 0 1 0 1 0.16878472443961934

single_rate
hypothetical SFs
1
102  279
1000
50 136 52 140 0 1 0 1 0 1 0.2654982148653035
50 137 52 140 0 1 0 1 0.18766634209672187
50 136 52 141 0 1 0 1 0.1798117494320026
50 136 52 139 0 1 0 1 0 1 0 1 0.1705290490100617
51 137 51 139 0 1 0 1 0 1 0.19649464459591043

single_rate
hypothetical SFs
1
102  280
1000
50 137 52 141 0 1 0 1 0.22247154992787305
50 137 52 140 0 1 0 1 0 1 0.291873697707966
50 136 52 141 0 1 0 1 0 1 0.24563231287065235
50 136 52 140 0 1 0 1 0 1 0 1 0.24002243949350857

single_rate
hypothetical SFs
1
102  281
1000
49 136 53 143 0 1 0 1 0.17060234878141178
50 137 52 142 0 1 0 1 0.21972471271625205
50 137 52 141 0 1 0 1 0 1 0.2241444626846824
50 137 52 140 0 1 0 1 0 1 0 1 0.19244854148251042
50 138 52 140 0 1 0 1 0 1 0.19307993433514334

single_rate
hypothetical SFs
1
102  282
1000
50 138 52 141 0 1 0 1 0 1 0.20820090982738207
50 137 52 142 0 1 0 1 0 1 0.2434099831744251
50 138 52 140 0 1 0 1 0 1 0 1 0.17517292951953636
50 138 52 142 0 1 0 1 0.19910263600673023
51 139 51 140 0 1 0 1 0 1 0.1741135414719262

single_rate
hypothetical SFs
1
102  283
1000
50 138 52 141 0 1 0 1 0 1 0 1 0.23133982382939272
50 139 52 142 0 1 0 1 0.20128264564982232
50 138 52 142 0 1 0 1 0 1 0.33116983464688615
51 139 51 141 0 1 0 1 0 1 0.23620769587389898

single_rate
hypothetical SFs
1
102  284
1000
50 138 52 142 0 1 0 1 0 1 0 1 0.22504657172044948
50 138 52 143 0 1 0 1 0 1 0.20094946217174448
50 139 52 142 0 1 0 1 0 1 0.22973379003665645
49 137 53 145 0 1 0 1 0.17643170482543116
51 140 51 141 0 1 0 1 0 1 0.1678384712457184

single_rate
hypothetical SFs
1
102  285
1000
50 138 52 144 0 1 0 1 0 1 0.17007806257299157
50 139 52 144 0 1 0 1 0.19017763845350052
50 139 52 142 0 1 0 1 0 1 0 1 0.23375745282438995
50 139 52 143 0 1 0 1 0 1 0.23418771897473725
49 137 53 145 0 1 0 1 0 1 0.17179912717438073

single_rate
hypothetical SFs
1
102  286
1000
50 139 52 143 0 1 0 1 0 1 0 1 0.2655027528252681
50 140 52 142 0 1 0 1 0 1 0 1 0.2096493769921762
50 139 52 144 0 1 0 1 0 1 0.3105621558968415
50 140 52 143 0 1 0 1 0 1 0.21428571428571427

single_rate
hypothetical SFs
1
102  287
1000
50 140 52 144 0 1 0 1 0 1 0.2546262917567893
50 139 52 144 0 1 0 1 0 1 0 1 0.2284306657053593
50 139 52 145 0 1 0 1 0 1 0.16222062004325885
51 141 51 143 0 1 0 1 0 1 0.15068493150684933
50 140 52 143 0 1 0 1 0 1 0 1 0.20403749098774335

single_rate
hypothetical SFs
1
102  288
1000
50 140 52 145 0 1 0 1 0 1 0.30020147750167897
50 140 52 144 0 1 0 1 0 1 0 1 0.43826153698551285
50 140 52 143 0 1 0 1 0 1 0 1 0 1 0.26153698551280824

single_rate
hypothetical SFs
1
102  289
1000
50 140 52 144 0 1 0 1 0 1 0 1 0 1 0.23735775368662035
50 142 52 144 0 1 0 1 0 1 0.1665881085448791
50 140 52 146 0 1 0 1 0 1 0.23729041815365964
50 140 52 145 0 1 0 1 0 1 0 1 0.22341929836374652
49 139 53 147 0 1 0 1 0 1 0.13534442125109417

single_rate
hypothetical SFs
1
102  290
1000
50 140 52 145 0 1 0 1 0 1 0 1 0 1 0.2175834084761046
50 140 52 147 0 1 0 1 0 1 0.2173128944995492
50 140 52 146 0 1 0 1 0 1 0 1 0.30396753832281337
50 142 52 144 0 1 0 1 0 1 0 1 0.26113615870153295

single_rate
hypothetical SFs
1
102  291
1000
50 142 52 144 0 1 0 1 0 1 0 1 0 1 0.18363551836355183
51 143 51 145 0 1 0 1 0 1 0.16829381682938166
50 142 52 145 0 1 0 1 0 1 0 1 0.2161010382767705
50 142 52 146 0 1 0 1 0 1 0.2660003099333643
50 140 52 147 0 1 0 1 0 1 0 1 0.16596931659693165

single_rate
hypothetical SFs
1
102  292
1000
50 142 52 148 0 1 0 1 0.1601781463564463
50 142 52 147 0 1 0 1 0 1 0.23105275282193044
51 144 51 145 0 1 0 1 0 1 0.1679336558396683
50 142 52 146 0 1 0 1 0 1 0 1 0.2788911925055671
50 142 52 145 0 1 0 1 0 1 0 1 0 1 0.16194425247638797

single_rate
hypothetical SFs
1
102  293
1000
49 140 53 149 0 1 0 1 0 1 0 1 0.20633551090841862
50 142 52 147 0 1 0 1 0 1 0 1 0.2764698631825465
50 142 52 146 0 1 0 1 0 1 0 1 0 1 0.2524343646000247
50 142 52 148 0 1 0 1 0 1 0.26476026130901026

single_rate
hypothetical SFs
1
102  294
1000
50 142 52 147 0 1 0 1 0 1 0 1 0 1 0.23441981747066495
50 142 52 148 0 1 0 1 0 1 0 1 0.31003911342894397
50 144 52 147 0 1 0 1 0 1 0.22568448500651891
50 144 52 146 0 1 0 1 0 1 0 1 0.22985658409387225

single_rate
hypothetical SFs
1
102  295
1000
50 144 52 147 0 1 0 1 0 1 0 1 0.20281748498031907
50 143 52 148 0 1 0 1 0 1 0 1 0.18313652372073755
51 145 51 147 0 1 0 1 0 1 0.1913196602444583
50 142 52 148 0 1 0 1 0 1 0 1 0 1 0.1859332918997307
50 144 52 148 0 1 0 1 0 1 0.23679303915475453

single_rate
hypothetical SFs
1
102  296
1000
50 144 52 148 0 1 0 1 0 1 0 1 0.261990465998638
50 144 52 147 0 1 0 1 0 1 0 1 0 1 0.17706002529428935
49 142 53 151 0 1 0 1 0 1 0.18999902714271816
50 144 52 149 0 1 0 1 0 1 0.19048545578363654
51 145 51 147 0 1 0 1 0 1 0 1 0.180465025780718

single_rate
hypothetical SFs
1
102  297
1000
50 145 52 148 0 1 0 1 0 1 0 1 0.18320682222846973
49 143 53 151 0 1 0 1 0 1 0.17842751382250965
50 144 52 148 0 1 0 1 0 1 0 1 0 1 0.22219098491237937
50 144 52 149 0 1 0 1 0 1 0 1 0.2142254709024459
50 144 52 150 0 1 0 1 0 1 0.2019492081341955

single_rate
hypothetical SFs
1
102  298
1000
50 144 52 150 0 1 0 1 0 1 0 1 0.2976385907311529
50 146 52 148 0 1 0 1 0 1 0 1 0.23475186260891523
50 144 52 149 0 1 0 1 0 1 0 1 0 1 0.23462558403838865
49 143 53 151 0 1 0 1 0 1 0 1 0.2329839626215431

single_rate
hypothetical SFs
1
102  299
1000
50 145 52 150 0 1 0 1 0 1 0 1 0.22620347394540946
51 147 51 149 0 1 0 1 0 1 0.1874937965260546
50 146 52 149 0 1 0 1 0 1 0 1 0.19424317617866008
50 146 52 148 0 1 0 1 0 1 0 1 0 1 0.1806451612903226
50 146 52 150 0 1 0 1 0 1 0.21141439205955337

single_rate
hypothetical SFs
1
102  300
1000
50 145 52 150 0 1 0 1 0 1 0 1 0 1 0.2207838906868033
50 146 52 150 0 1 0 1 0 1 0 1 0.3263813975788086
50 146 52 149 0 1 0 1 0 1 0 1 0 1 0.2295337408606017
51 147 51 149 0 1 0 1 0 1 0 1 0.2233009708737864

single_rate
hypothetical SFs
1
102  301
1000
49 145 53 153 0 1 0 1 0 1 0.1707362534948742
50 146 52 150 0 1 0 1 0 1 0 1 0 1 0.24464119291705502
50 147 52 150 0 1 0 1 0 1 0 1 0.1779123951537745
50 146 52 152 0 1 0 1 0 1 0.197017707362535
50 146 52 151 0 1 0 1 0 1 0 1 0.20969245107176146

single_rate
hypothetical SFs
1
102  302
1000
49 145 53 153 0 1 0 1 0 1 0 1 0.19064191802010827
50 148 52 150 0 1 0 1 0 1 0 1 0.17623743232791955
50 146 52 152 0 1 0 1 0 1 0 1 0.24187935034802785
50 147 52 150 0 1 0 1 0 1 0 1 0 1 0.19102861562258314
50 146 52 151 0 1 0 1 0 1 0 1 0 1 0.20021268368136116

single_rate
hypothetical SFs
1
102  303
1000
50 148 52 152 0 1 0 1 0 1 0.20292271479011376
50 148 52 150 0 1 0 1 0 1 0 1 0 1 0.18987838367987442
50 146 52 152 0 1 0 1 0 1 0 1 0 1 0.19919576304433112
50 147 52 152 0 1 0 1 0 1 0 1 0.2149862691251471
50 148 52 151 0 1 0 1 0 1 0 1 0.19301686936053353

single_rate
hypothetical SFs
1
102  304
1000
50 148 52 152 0 1 0 1 0 1 0 1 0.3086476540938362
51 149 51 151 0 1 0 1 0 1 0 1 0.22389604415823366
50 147 52 152 0 1 0 1 0 1 0 1 0 1 0.24149034038638453
50 148 52 151 0 1 0 1 0 1 0 1 0 1 0.22596596136154554

single_rate
hypothetical SFs
1
102  305
1000
50 148 52 154 0 1 0 1 0 1 0.1940975113331483
50 148 52 152 0 1 0 1 0 1 0 1 0 1 0.2654269590156351
50 148 52 153 0 1 0 1 0 1 0 1 0.2116754556388195
50 149 52 152 0 1 0 1 0 1 0 1 0.16884078083078913
49 147 53 155 0 1 0 1 0 1 0.1599592931816079

single_rate
hypothetical SFs
1
103  260
1000
50 127 53 132 0 1 0.18930893607227112
51 128 52 130 0 1 0 1 0.24005984233845445
51 129 52 130 0 1 0.15823695264399562
51 128 52 131 0 1 0.21715863973761437
50 126 53 133 0 1 0.19523562920766444

single_rate
hypothetical SFs
1
103  261
1000
50 127 53 133 0 1 0.22594976362704333
51 128 52 131 0 1 0 1 0.19969243036965312
51 129 52 130 0 1 0 1 0.18271914336162212
51 128 52 132 0 1 0.20328074272369995
51 129 52 131 0 1 0.18835791991798145

single_rate
hypothetical SFs
1
103  262
1000
51 128 52 132 0 1 0 1 0.132778613791272
51 129 52 132 0 1 0.15628042843232715
51 129 52 131 0 1 0 1 0.13924050632911392
51 130 52 131 0 1 0.1444188722669735
50 128 53 133 0 1 0.1595113747012481
50 127 53 134 0 1 0.13924050632911392
50 127 53 133 0 1 0 1 0.1285296981499513

single_rate
hypothetical SFs
1
103  263
1000
51 130 52 132 0 1 0.2420450685086627
51 129 52 132 0 1 0 1 0.18989921866153323
50 128 53 133 0 1 0 1 0.19188087419318312
51 130 52 131 0 1 0 1 0.178405616577964
50 128 53 134 0 1 0.19776922205865702

single_rate
hypothetical SFs
1
103  264
1000
50 128 53 135 0 1 0.1813597635193879
51 130 52 132 0 1 0 1 0.24673969744392274
50 129 53 134 0 1 0.17457833420274735
51 131 52 132 0 1 0.17556367008636178
51 130 52 133 0 1 0.22175853474758012

single_rate
hypothetical SFs
1
103  265
1000
51 130 52 134 0 1 0.15603214562354764
50 129 53 134 0 1 0 1 0.15138458559256388
50 129 53 135 0 1 0.168280402788536
51 130 52 133 0 1 0 1 0.18193261037955072
51 131 52 132 0 1 0 1 0.1710883036405887
51 131 52 133 0 1 0.171281951975213

single_rate
hypothetical SFs
1
103  266
1000
51 131 52 133 0 1 0 1 0.23094806078475844
51 130 52 134 0 1 0 1 0.17226128373780902
51 131 52 134 0 1 0.21280335677024267
50 129 53 135 0 1 0 1 0.2086073939668859
50 130 53 135 0 1 0.1753799047403039

single_rate
hypothetical SFs
1
103  267
1000
51 132 52 134 0 1 0.20723215698686503
51 132 52 133 0 1 0 1 0.19243551194809308
50 131 53 135 0 1 0.13625573666719418
51 131 52 134 0 1 0 1 0.24030701060294352
50 130 53 135 0 1 0 1 0.22376958379490428

single_rate
hypothetical SFs
1
103  268
1000
51 132 52 134 0 1 0 1 0.3522762625738878
51 133 52 134 0 1 0.19651560717619
50 131 53 135 0 1 0 1 0.24971481903971793
50 130 53 136 0 1 0 1 0.20149331121020428

single_rate
hypothetical SFs
1
103  269
1000
50 132 53 135 0 1 0 1 0.15466485507246377
51 132 52 135 0 1 0 1 0.20052083333333334
51 132 52 134 0 1 0 1 0 1 0.1989356884057971
51 133 52 134 0 1 0 1 0.2600203804347826
50 131 53 136 0 1 0 1 0.1858582427536232

single_rate
hypothetical SFs
1
103  270
1000
50 132 53 136 0 1 0 1 0.17693548387096775
51 133 52 135 0 1 0 1 0.23220430107526882
51 133 52 136 0 1 0.1621505376344086
50 131 53 137 0 1 0 1 0.18505376344086022
51 133 52 134 0 1 0 1 0 1 0.24365591397849462

single_rate
hypothetical SFs
1
103  271
1000
51 134 52 135 0 1 0 1 0.14489273134806274
51 133 52 135 0 1 0 1 0 1 0.21731241327783113
50 132 53 136 0 1 0 1 0 1 0.18150282847689186
51 133 52 136 0 1 0 1 0.23513715444551178
50 132 53 137 0 1 0 1 0.2211548724517024

single_rate
hypothetical SFs
1
103  272
1000
51 133 52 136 0 1 0 1 0 1 0.19496219236141213
50 132 53 138 0 1 0 1 0.15604681404421325
50 132 53 137 0 1 0 1 0 1 0.16866541443914657
51 134 52 136 0 1 0 1 0.18513702258825795
51 133 52 137 0 1 0 1 0.14506574194480565
51 134 52 135 0 1 0 1 0 1 0.15012281462216442

single_rate
hypothetical SFs
1
103  273
1000
50 133 53 137 0 1 0 1 0 1 0.2228024369016536
50 132 53 139 0 1 0 1 0.22838700319118072
51 134 52 136 0 1 0 1 0 1 0.2953292718305773
51 134 52 137 0 1 0 1 0.2534812880765884

single_rate
hypothetical SFs
1
103  274
1000
51 134 52 137 0 1 0 1 0 1 0.21043986128855632
51 135 52 136 0 1 0 1 0 1 0.1993672811340269
50 133 53 139 0 1 0 1 0.21269088033096065
51 134 52 138 0 1 0 1 0.19638620186165362
51 135 52 137 0 1 0 1 0.1811157753848026

single_rate
hypothetical SFs
1
103  275
1000
51 134 52 138 0 1 0 1 0 1 0.17285246711542027
51 135 52 137 0 1 0 1 0 1 0.21373432964861364
50 133 53 140 0 1 0 1 0.21997159266349658
51 135 52 138 0 1 0 1 0.2095349842524548
50 133 53 139 0 1 0 1 0 1 0.18390662632001484

single_rate
hypothetical SFs
1
103  276
1000
51 135 52 138 0 1 0 1 0 1 0.22929816886444596
51 136 52 138 0 1 0 1 0.21579901256171485
50 134 53 139 0 1 0 1 0 1 0.17442659833760388
50 134 53 140 0 1 0 1 0.20148740703706014
51 136 52 137 0 1 0 1 0 1 0.17898881319917503

single_rate
hypothetical SFs
1
103  277
1000
50 135 53 140 0 1 0 1 0.1979186618144672
50 134 53 141 0 1 0 1 0.1794036902253719
51 136 52 138 0 1 0 1 0 1 0.2521228372597842
50 134 53 140 0 1 0 1 0 1 0.1917895677711805
51 136 52 139 0 1 0 1 0.1787652429291962

single_rate
hypothetical SFs
1
103  278
1000
50 135 53 140 0 1 0 1 0 1 0.17409435763452744
51 136 52 139 0 1 0 1 0 1 0.16796462844797264
51 136 52 140 0 1 0 1 0.15510224589257898
50 135 53 141 0 1 0 1 0.17906848213837107
51 137 52 138 0 1 0 1 0 1 0.1692207204943978
51 136 52 138 0 1 0 1 0 1 0 1 0.1545495653921519

single_rate
hypothetical SFs
1
103  279
1000
51 137 52 140 0 1 0 1 0.1745762711864407
50 135 53 142 0 1 0 1 0.155614406779661
51 137 52 138 0 1 0 1 0 1 0 1 0.1545550847457627
50 135 53 141 0 1 0 1 0 1 0.17865466101694918
51 136 52 140 0 1 0 1 0 1 0.16064618644067796
51 137 52 139 0 1 0 1 0 1 0.17595338983050848

single_rate
hypothetical SFs
1
103  280
1000
51 137 52 140 0 1 0 1 0 1 0.3137058959182105
51 137 52 139 0 1 0 1 0 1 0 1 0.20993158582519797
50 136 53 141 0 1 0 1 0 1 0.2445230225228688
51 138 52 140 0 1 0 1 0.23183949573372284

single_rate
hypothetical SFs
1
103  281
1000
51 138 52 140 0 1 0 1 0 1 0.23957336250512787
50 136 53 142 0 1 0 1 0 1 0.18590181867906466
50 136 53 143 0 1 0 1 0.1851497333515657
51 137 52 140 0 1 0 1 0 1 0 1 0.20463558047313002
50 137 53 141 0 1 0 1 0 1 0.18473950499111172

single_rate
hypothetical SFs
1
103  282
1000
51 139 52 140 0 1 0 1 0 1 0.21257941550190598
50 137 53 142 0 1 0 1 0 1 0.19949174078780177
50 137 53 143 0 1 0 1 0.2042566709021601
51 138 52 141 0 1 0 1 0 1 0.1941550190597205
51 138 52 140 0 1 0 1 0 1 0 1 0.18951715374841172

single_rate
hypothetical SFs
1
103  283
1000
50 137 53 143 0 1 0 1 0 1 0.21787918458948946
51 138 52 142 0 1 0 1 0 1 0.18465182968642854
51 139 52 141 0 1 0 1 0 1 0.21501153294682376
51 139 52 142 0 1 0 1 0.19593541549778692
51 139 52 140 0 1 0 1 0 1 0 1 0.18652203727947134

single_rate
hypothetical SFs
1
103  284
1000
51 139 52 141 0 1 0 1 0 1 0 1 0.21563175780043253
51 139 52 142 0 1 0 1 0 1 0.3056070435588508
51 140 52 142 0 1 0 1 0.22945628668520238
50 138 53 143 0 1 0 1 0 1 0.2493049119555144

single_rate
hypothetical SFs
1
103  285
1000
51 139 52 142 0 1 0 1 0 1 0 1 0.2072372813459741
50 139 53 143 0 1 0 1 0 1 0.17392175190279077
51 139 52 143 0 1 0 1 0 1 0.17438910401922822
51 140 52 142 0 1 0 1 0 1 0.2529042595807184
50 138 53 144 0 1 0 1 0 1 0.19154760315128858

single_rate
hypothetical SFs
1
103  286
1000
51 141 52 142 0 1 0 1 0 1 0.19706066291432145
50 139 53 144 0 1 0 1 0 1 0.1953721075672295
51 140 52 142 0 1 0 1 0 1 0 1 0.22013758599124453
51 140 52 143 0 1 0 1 0 1 0.20150093808630393
50 139 53 145 0 1 0 1 0.18592870544090054

single_rate
hypothetical SFs
1
103  287
1000
51 141 52 142 0 1 0 1 0 1 0 1 0.23681658834936975
50 139 53 145 0 1 0 1 0 1 0.2811218020437085
51 140 52 144 0 1 0 1 0 1 0.23897963750279705
51 141 52 143 0 1 0 1 0 1 0.24308197210412472

single_rate
hypothetical SFs
1
103  288
1000
51 141 52 144 0 1 0 1 0 1 0.23566690357735134
50 140 53 145 0 1 0 1 0 1 0.19556977019663588
50 139 53 146 0 1 0 1 0 1 0.19077232883203035
50 139 53 145 0 1 0 1 0 1 0 1 0.18034825870646767
51 141 52 143 0 1 0 1 0 1 0 1 0.1976427386875148

single_rate
hypothetical SFs
1
103  289
1000
50 140 53 145 0 1 0 1 0 1 0 1 0.25472047389855607
51 142 52 144 0 1 0 1 0 1 0.20651610514624213
50 140 53 146 0 1 0 1 0 1 0.24805627545353573
51 141 52 144 0 1 0 1 0 1 0 1 0.29070714550166604

single_rate
hypothetical SFs
1
103  290
1000
51 142 52 144 0 1 0 1 0 1 0 1 0.19859510332128485
50 140 53 147 0 1 0 1 0 1 0.23119416217690783
50 140 53 146 0 1 0 1 0 1 0 1 0.21905476369092272
51 141 52 144 0 1 0 1 0 1 0 1 0 1 0.1885698697401623
50 140 53 145 0 1 0 1 0 1 0 1 0 1 0.16258610107072222

single_rate
hypothetical SFs
1
103  291
1000
50 140 53 146 0 1 0 1 0 1 0 1 0 1 0.2066924897783516
51 141 52 146 0 1 0 1 0 1 0 1 0.1725844630944695
50 140 53 148 0 1 0 1 0 1 0.19313535614374863
50 140 53 147 0 1 0 1 0 1 0 1 0.24650312029266191
51 142 52 144 0 1 0 1 0 1 0 1 0 1 0.18108457069076822

single_rate
hypothetical SFs
1
103  292
1000
50 140 53 148 0 1 0 1 0 1 0 1 0.34173148461278324
50 140 53 147 0 1 0 1 0 1 0 1 0 1 0.3329387893134934
50 140 53 149 0 1 0 1 0 1 0.3253297260737234

single_rate
hypothetical SFs
1
103  293
1000
50 140 53 148 0 1 0 1 0 1 0 1 0 1 0.18737695425593517
51 143 52 146 0 1 0 1 0 1 0 1 0.18679791546033586
50 142 53 147 0 1 0 1 0 1 0 1 0.20926462072958893
50 140 53 149 0 1 0 1 0 1 0 1 0.2331210191082803
50 142 53 148 0 1 0 1 0 1 0.18343949044585992

single_rate
hypothetical SFs
1
103  294
1000
50 142 53 149 0 1 0 1 0 1 0.2929125138427464
50 142 53 147 0 1 0 1 0 1 0 1 0 1 0.21317829457364343
50 142 53 148 0 1 0 1 0 1 0 1 0.25830564784053156
51 144 52 146 0 1 0 1 0 1 0 1 0.23560354374307863

single_rate
hypothetical SFs
1
103  295
1000
50 142 53 150 0 1 0 1 0 1 0.2957036006261959
50 142 53 149 0 1 0 1 0 1 0 1 0.40059140720125236
51 145 52 146 0 1 0 1 0 1 0 1 0.30370499217255176

single_rate
hypothetical SFs
1
103  296
1000
51 145 52 148 0 1 0 1 0 1 0.2637147335423197
51 145 52 147 0 1 0 1 0 1 0 1 0.2532654127481714
50 142 53 150 0 1 0 1 0 1 0 1 0.24399164054336464
50 142 53 149 0 1 0 1 0 1 0 1 0 1 0.2390282131661442

single_rate
hypothetical SFs
1
103  297
1000
50 144 53 150 0 1 0 1 0 1 0.17343056436271403
51 145 52 147 0 1 0 1 0 1 0 1 0 1 0.18040583386176284
50 142 53 151 0 1 0 1 0 1 0 1 0.17184527584020293
51 145 52 148 0 1 0 1 0 1 0 1 0.253857535404777
50 144 53 149 0 1 0 1 0 1 0 1 0.22046079053054324

single_rate
hypothetical SFs
1
103  298
1000
51 145 52 148 0 1 0 1 0 1 0 1 0 1 0.19859225741578684
51 146 52 148 0 1 0 1 0 1 0 1 0.20211161387631976
50 144 53 150 0 1 0 1 0 1 0 1 0.1934640522875817
50 144 53 151 0 1 0 1 0 1 0.21397687280040223
50 144 53 149 0 1 0 1 0 1 0 1 0 1 0.19185520361990951

single_rate
hypothetical SFs
1
103  299
1000
50 144 53 151 0 1 0 1 0 1 0 1 0.24407039020657997
51 146 52 148 0 1 0 1 0 1 0 1 0 1 0.19291725871679966
51 146 52 149 0 1 0 1 0 1 0 1 0.17510110394578643
51 147 52 148 0 1 0 1 0 1 0 1 0.20887528691660293
50 144 53 150 0 1 0 1 0 1 0 1 0 1 0.17903596021423107

single_rate
hypothetical SFs
1
103  300
1000
51 147 52 149 0 1 0 1 0 1 0 1 0.248923778171689
51 147 52 150 0 1 0 1 0 1 0.2613319827804507
50 145 53 151 0 1 0 1 0 1 0 1 0.24917700683717395
51 147 52 148 0 1 0 1 0 1 0 1 0 1 0.2405672322106862

single_rate
hypothetical SFs
1
103  301
1000
51 147 52 150 0 1 0 1 0 1 0 1 0.29918032786885246
50 145 53 151 0 1 0 1 0 1 0 1 0 1 0.20926477893691006
50 146 53 151 0 1 0 1 0 1 0 1 0.26117734724292097
51 147 52 149 0 1 0 1 0 1 0 1 0 1 0.23037754595131643

single_rate
hypothetical SFs
1
103  302
1000
50 146 53 151 0 1 0 1 0 1 0 1 0 1 0.24100585086518111
50 146 53 152 0 1 0 1 0 1 0 1 0.246607743059878
51 147 52 150 0 1 0 1 0 1 0 1 0 1 0.2707581227436823
51 148 52 150 0 1 0 1 0 1 0 1 0.24162828333125858

single_rate
hypothetical SFs
1
103  303
1000
51 149 52 150 0 1 0 1 0 1 0 1 0.213334709464341
50 146 53 152 0 1 0 1 0 1 0 1 0 1 0.1794818866756115
50 146 53 153 0 1 0 1 0 1 0 1 0.23738259882340798
51 148 52 150 0 1 0 1 0 1 0 1 0 1 0.1895964495820002
51 147 52 152 0 1 0 1 0 1 0 1 0.18020435545463928

single_rate
hypothetical SFs
1
103  304
1000
50 147 53 153 0 1 0 1 0 1 0 1 0.19287296154620495
51 149 52 152 0 1 0 1 0 1 0.20485202335413732
50 146 53 153 0 1 0 1 0 1 0 1 0 1 0.20384537950473125
51 149 52 150 0 1 0 1 0 1 0 1 0 1 0.20555667404872158
51 149 52 151 0 1 0 1 0 1 0 1 0.19287296154620495

single_rate
hypothetical SFs
1
103  305
1000
50 146 53 155 0 1 0 1 0 1 0 1 0.1685815750992271
51 149 52 152 0 1 0 1 0 1 0 1 0.25569250052224773
50 148 53 153 0 1 0 1 0 1 0 1 0.20221433047837895
50 147 53 153 0 1 0 1 0 1 0 1 0 1 0.1796532274911218
51 149 52 151 0 1 0 1 0 1 0 1 0 1 0.19385836640902446

single_rate
hypothetical SFs
1
103  306
1000
51 149 52 152 0 1 0 1 0 1 0 1 0 1 0.27736686390532544
50 148 53 153 0 1 0 1 0 1 0 1 0 1 0.251232741617357
51 149 52 153 0 1 0 1 0 1 0 1 0.2358234714003945
50 148 53 154 0 1 0 1 0 1 0 1 0.23557692307692307

single_rate
hypothetical SFs
1
104  260
1000
51 128 53 130 0 1 0 1 0.16130001201489846
51 127 53 132 0 1 0.21290400096119189
52 128 52 130 0 1 0 1 0.1789619127718371
51 127 53 131 0 1 0 1 0.23122672113420645
51 128 53 131 0 1 0.21560735311786614

single_rate
hypothetical SFs
1
104  261
1000
51 127 53 133 0 1 0.22191863995142685
51 128 53 131 0 1 0 1 0.28164845173041897
51 128 53 132 0 1 0.2874165148755313
52 129 52 130 0 1 0 1 0.20901639344262296

single_rate
hypothetical SFs
1
104  262
1000
51 129 53 132 0 1 0.2203075496484043
51 128 53 132 0 1 0 1 0.2791128969940499
51 128 53 133 0 1 0.29302217757514876
51 129 53 131 0 1 0 1 0.20755737578239702

single_rate
hypothetical SFs
1
104  263
1000
51 129 53 133 0 1 0.2322589475124889
51 129 53 132 0 1 0 1 0.1895572435502635
51 128 53 133 0 1 0 1 0.2156983507835489
52 130 52 131 0 1 0 1 0.17860808868815442
51 128 53 134 0 1 0.18387736946554442

single_rate
hypothetical SFs
1
104  264
1000
51 129 53 133 0 1 0 1 0.21058680799438095
51 130 53 132 0 1 0 1 0.17514845795287656
52 130 52 132 0 1 0 1 0.18396015580103442
51 130 53 133 0 1 0.24366260136645168
51 129 53 134 0 1 0.18664197688525636

single_rate
hypothetical SFs
1
104  265
1000
51 130 53 134 0 1 0.2910813459653708
51 130 53 133 0 1 0 1 0.3003920287487749
51 129 53 135 0 1 0.197484482195361
52 131 52 132 0 1 0 1 0.2110421430904933

single_rate
hypothetical SFs
1
104  266
1000
51 131 53 133 0 1 0 1 0.22424867179446514
51 130 53 135 0 1 0.26532392355879786
51 130 53 134 0 1 0 1 0.27967647292046627
51 131 53 134 0 1 0.23075093172627073

single_rate
hypothetical SFs
1
104  267
1000
50 129 54 136 0 1 0 1 0.17144930404380238
52 132 52 133 0 1 0 1 0.17125140180750711
51 131 53 135 0 1 0.21340457813839964
51 130 53 135 0 1 0 1 0.220001319348242
51 131 53 134 0 1 0 1 0.22389339666204897

single_rate
hypothetical SFs
1
104  268
1000
51 132 53 134 0 1 0 1 0.18248896118986754
51 131 53 135 0 1 0 1 0.27335579828026957
52 132 52 134 0 1 0 1 0.1909133162909598
50 130 54 136 0 1 0 1 0.1559377178712526
51 132 53 135 0 1 0.19730420636765048

single_rate
hypothetical SFs
1
104  269
1000
51 132 53 135 0 1 0 1 0.2923343939832224
51 131 53 136 0 1 0 1 0.17055250216951112
51 132 53 136 0 1 0.16794908880532253
51 131 53 135 0 1 0 1 0 1 0.1573040208273069
52 133 52 134 0 1 0 1 0.21185999421463697

single_rate
hypothetical SFs
1
104  270
1000
51 133 53 135 0 1 0 1 0.2873379860418744
52 133 52 134 0 1 0 1 0 1 0.21309405117979394
51 132 53 136 0 1 0 1 0.2680624792289797
51 132 53 135 0 1 0 1 0 1 0.23150548354935194

single_rate
hypothetical SFs
1
104  271
1000
51 132 53 136 0 1 0 1 0 1 0.20535652654103678
51 132 53 137 0 1 0 1 0.22861876164837439
51 133 53 136 0 1 0 1 0.29074342513978046
51 133 53 135 0 1 0 1 0 1 0.2752812866708083

single_rate
hypothetical SFs
1
104  272
1000
52 134 52 136 0 1 0 1 0.17098356914650845
52 134 52 135 0 1 0 1 0 1 0.17035600182565042
51 133 53 136 0 1 0 1 0 1 0.24806024646280236
51 133 53 137 0 1 0 1 0.26055454130534006
50 132 54 138 0 1 0 1 0.15004564125969877

single_rate
hypothetical SFs
1
104  273
1000
51 133 53 138 0 1 0 1 0.18316889828517735
51 133 53 137 0 1 0 1 0 1 0.2198144233027954
51 134 53 137 0 1 0 1 0.22233967582804792
51 134 53 136 0 1 0 1 0 1 0.18528306319003995
52 134 52 136 0 1 0 1 0 1 0.18939393939393942

single_rate
hypothetical SFs
1
104  274
1000
51 134 53 137 0 1 0 1 0 1 0.26589089930719045
50 132 54 140 0 1 0 1 0.16909934754826125
51 133 53 139 0 1 0 1 0.1753548126723616
51 134 53 138 0 1 0 1 0.21860496401425977
52 135 52 136 0 1 0 1 0 1 0.17104997645792697

single_rate
hypothetical SFs
1
104  275
1000
51 134 53 138 0 1 0 1 0 1 0.22153030804902285
50 133 54 140 0 1 0 1 0.18290824776416031
51 134 53 139 0 1 0 1 0.2320635972176217
51 135 53 138 0 1 0 1 0.1690626035110964
51 135 53 137 0 1 0 1 0 1 0.1944352434580987

single_rate
hypothetical SFs
1
104  276
1000
51 135 53 139 0 1 0 1 0.2129247168554297
51 134 53 140 0 1 0 1 0.20273151232511658
51 135 53 138 0 1 0 1 0 1 0.20706195869420385
51 134 53 139 0 1 0 1 0 1 0.1879413724183877
50 133 54 140 0 1 0 1 0 1 0.1893404397068621

single_rate
hypothetical SFs
1
104  277
1000
51 136 53 139 0 1 0 1 0.20473915289256198
51 135 53 139 0 1 0 1 0 1 0.21849173553719006
52 136 52 138 0 1 0 1 0 1 0.1824638429752066
51 135 53 140 0 1 0 1 0.231146694214876
51 136 53 138 0 1 0 1 0 1 0.1631585743801653

single_rate
hypothetical SFs
1
104  278
1000
51 136 53 139 0 1 0 1 0 1 0.23018892256109358
51 135 53 140 0 1 0 1 0 1 0.19246888903217488
51 135 53 141 0 1 0 1 0.16564575407827714
51 136 53 140 0 1 0 1 0.2537881230253401
52 137 52 138 0 1 0 1 0 1 0.15790831130311433

single_rate
hypothetical SFs
1
104  279
1000
50 135 54 142 0 1 0 1 0.15683461837307988
51 136 53 141 0 1 0 1 0.2244336859721475
51 137 53 139 0 1 0 1 0 1 0.16227362381208535
51 136 53 140 0 1 0 1 0 1 0.2530034068495607
51 137 53 140 0 1 0 1 0.20345466499312653

single_rate
hypothetical SFs
1
104  280
1000
50 135 54 142 0 1 0 1 0 1 0.17334388699464198
51 136 53 142 0 1 0 1 0.16220165611300535
51 136 53 141 0 1 0 1 0 1 0.2077447637603507
51 137 53 140 0 1 0 1 0 1 0.2384315635655139
51 137 53 141 0 1 0 1 0.21827812956648807

single_rate
hypothetical SFs
1
104  281
1000
51 138 53 141 0 1 0 1 0.18997461928934012
51 137 53 141 0 1 0 1 0 1 0.2530456852791878
51 137 53 142 0 1 0 1 0.20012690355329948
52 138 52 140 0 1 0 1 0 1 0.1814086294416244
51 138 53 140 0 1 0 1 0 1 0.17544416243654823

single_rate
hypothetical SFs
1
104  282
1000
51 137 53 143 0 1 0 1 0.22004447006505803
51 137 53 142 0 1 0 1 0 1 0.25084410771637977
51 138 53 142 0 1 0 1 0.24409124598534132
51 138 53 141 0 1 0 1 0 1 0.2850201762332208

single_rate
hypothetical SFs
1
104  283
1000
51 138 53 141 0 1 0 1 0 1 0 1 0.18318474653478234
51 139 53 142 0 1 0 1 0.1678922366109195
51 138 53 142 0 1 0 1 0 1 0.23563480184811608
51 138 53 143 0 1 0 1 0.22196915468211104
51 139 53 141 0 1 0 1 0 1 0.19131906032407106

single_rate
hypothetical SFs
1
104  284
1000
51 139 53 143 0 1 0 1 0.25910739630973034
50 137 54 144 0 1 0 1 0 1 0.21873521526573098
51 139 53 142 0 1 0 1 0 1 0.2677811070809021
51 138 53 143 0 1 0 1 0 1 0.25437628134363666

single_rate
hypothetical SFs
1
104  285
1000
51 139 53 142 0 1 0 1 0 1 0 1 0.178706454226303
52 140 52 142 0 1 0 1 0 1 0.18485012152308938
51 140 53 143 0 1 0 1 0.1916014042668107
51 139 53 144 0 1 0 1 0.18626789089927087
51 139 53 143 0 1 0 1 0 1 0.25857412908452604

single_rate
hypothetical SFs
1
104  286
1000
51 139 53 144 0 1 0 1 0 1 0.20530525740069733
51 140 53 143 0 1 0 1 0 1 0.25199972653312364
51 139 53 143 0 1 0 1 0 1 0 1 0.18110343884596977
51 140 53 144 0 1 0 1 0.18691460996786763
52 140 52 142 0 1 0 1 0 1 0 1 0.17467696725234155

single_rate
hypothetical SFs
1
104  287
1000
51 140 53 145 0 1 0 1 0.22234302799673827
51 141 53 143 0 1 0 1 0 1 0.1788529491709704
51 140 53 143 0 1 0 1 0 1 0 1 0.20168524055449855
51 141 53 144 0 1 0 1 0.15867083446588748
51 140 53 144 0 1 0 1 0 1 0.23844794781190545

single_rate
hypothetical SFs
1
104  288
1000
51 140 53 145 0 1 0 1 0 1 0.28499389995933305
50 139 54 146 0 1 0 1 0 1 0.22887352582350548
51 141 53 145 0 1 0 1 0.23098820658804392
51 141 53 144 0 1 0 1 0 1 0.2551443676291175

single_rate
hypothetical SFs
1
104  289
1000
51 141 53 144 0 1 0 1 0 1 0 1 0.21001195247134924
51 141 53 146 0 1 0 1 0.17837305772340575
50 139 54 147 0 1 0 1 0 1 0.16775645081909582
51 141 53 145 0 1 0 1 0 1 0.2737115938972087
51 140 53 145 0 1 0 1 0 1 0 1 0.17014694508894046

single_rate
hypothetical SFs
1
104  290
1000
51 141 53 145 0 1 0 1 0 1 0 1 0.39605486207427953
50 139 54 147 0 1 0 1 0 1 0 1 0.30050855293573736
51 141 53 146 0 1 0 1 0 1 0.303436584989983

single_rate
hypothetical SFs
1
104  291
1000
50 139 54 148 0 1 0 1 0 1 0 1 0.21283955641469118
51 141 53 146 0 1 0 1 0 1 0 1 0.22850747787160441
51 141 53 145 0 1 0 1 0 1 0 1 0 1 0.21589174890629764
50 139 54 147 0 1 0 1 0 1 0 1 0 1 0.16766710753891545
51 141 53 147 0 1 0 1 0 1 0.17509410926849117

single_rate
hypothetical SFs
1
104  292
1000
50 139 54 149 0 1 0 1 0 1 0 1 0.1862560234653258
51 141 53 146 0 1 0 1 0 1 0 1 0 1 0.2042740414833438
51 141 53 147 0 1 0 1 0 1 0 1 0.21349256232977162
50 140 54 148 0 1 0 1 0 1 0 1 0.20291221454012148
50 139 54 148 0 1 0 1 0 1 0 1 0 1 0.19306515818143724

single_rate
hypothetical SFs
1
104  293
1000
50 140 54 148 0 1 0 1 0 1 0 1 0 1 0.2863811092806151
50 140 54 149 0 1 0 1 0 1 0 1 0.25562877539813295
51 141 53 147 0 1 0 1 0 1 0 1 0 1 0.2296814936847886
51 142 53 147 0 1 0 1 0 1 0 1 0.2283086216364635

single_rate
hypothetical SFs
1
104  294
1000
50 140 54 149 0 1 0 1 0 1 0 1 0 1 0.3563260789376614
50 140 54 150 0 1 0 1 0 1 0 1 0.3458133530062707
51 143 53 147 0 1 0 1 0 1 0 1 0.29786056805606786

single_rate
hypothetical SFs
1
104  295
1000
50 142 54 149 0 1 0 1 0 1 0 1 0.18625773331578252
51 144 53 147 0 1 0 1 0 1 0 1 0.20310648940371195
50 140 54 150 0 1 0 1 0 1 0 1 0 1 0.2161379491904699
51 143 53 148 0 1 0 1 0 1 0 1 0.19731472949848622
50 140 54 151 0 1 0 1 0 1 0 1 0.19718309859154928

single_rate
hypothetical SFs
1
104  296
1000
51 143 53 149 0 1 0 1 0 1 0 1 0.23767441860465116
51 144 53 148 0 1 0 1 0 1 0 1 0.24635658914728684
51 144 53 149 0 1 0 1 0 1 0.25224806201550387
50 142 54 150 0 1 0 1 0 1 0 1 0.26372093023255816

single_rate
hypothetical SFs
1
104  297
1000
50 142 54 150 0 1 0 1 0 1 0 1 0 1 0.1833669580811477
50 142 54 151 0 1 0 1 0 1 0 1 0.18572069042815512
51 145 53 148 0 1 0 1 0 1 0 1 0.19558394978704324
51 145 53 149 0 1 0 1 0 1 0.21867294328625866
51 144 53 149 0 1 0 1 0 1 0 1 0.2166554584173952

single_rate
hypothetical SFs
1
104  298
1000
51 145 53 149 0 1 0 1 0 1 0 1 0.26519274376417235
50 142 54 151 0 1 0 1 0 1 0 1 0 1 0.16859410430839
51 145 53 148 0 1 0 1 0 1 0 1 0 1 0.17573696145124718
50 142 54 152 0 1 0 1 0 1 0 1 0.19750566893424037
51 145 53 150 0 1 0 1 0 1 0.19297052154195013

single_rate
hypothetical SFs
1
104  299
1000
51 145 53 150 0 1 0 1 0 1 0 1 0.2597907725321888
51 146 53 149 0 1 0 1 0 1 0 1 0.22787017167381976
51 145 53 149 0 1 0 1 0 1 0 1 0 1 0.2719957081545064
51 145 53 151 0 1 0 1 0 1 0.24034334763948495

single_rate
hypothetical SFs
1
104  300
1000
51 145 53 151 0 1 0 1 0 1 0 1 0.22957906712172924
51 146 53 151 0 1 0 1 0 1 0.18657565415244595
51 145 53 150 0 1 0 1 0 1 0 1 0 1 0.1824800910125142
50 144 54 152 0 1 0 1 0 1 0 1 0.21467576791808873
51 147 53 149 0 1 0 1 0 1 0 1 0.18668941979522183

single_rate
hypothetical SFs
1
104  301
1000
51 147 53 151 0 1 0 1 0 1 0.21063735287586055
51 147 53 150 0 1 0 1 0 1 0 1 0.1953142349544748
51 146 53 151 0 1 0 1 0 1 0 1 0.21063735287586055
50 144 54 152 0 1 0 1 0 1 0 1 0 1 0.19986675549633576
51 147 53 149 0 1 0 1 0 1 0 1 0 1 0.18354430379746833

single_rate
hypothetical SFs
1
104  302
1000
51 147 53 151 0 1 0 1 0 1 0 1 0.3246213644283608
51 146 53 151 0 1 0 1 0 1 0 1 0 1 0.22436670687575394
51 147 53 152 0 1 0 1 0 1 0.21940758611446187
51 147 53 150 0 1 0 1 0 1 0 1 0 1 0.23160434258142343

single_rate
hypothetical SFs
1
104  303
1000
51 147 53 152 0 1 0 1 0 1 0 1 0.2127591706539075
51 147 53 151 0 1 0 1 0 1 0 1 0 1 0.23455608718766616
50 145 54 154 0 1 0 1 0 1 0 1 0.17958532695374801
51 147 53 153 0 1 0 1 0 1 0.19255715045188732
51 148 53 151 0 1 0 1 0 1 0 1 0.18054226475279106

single_rate
hypothetical SFs
1
104  304
1000
51 148 53 151 0 1 0 1 0 1 0 1 0 1 0.18579854809437385
50 146 54 154 0 1 0 1 0 1 0 1 0.19895644283121597
51 149 53 151 0 1 0 1 0 1 0 1 0.18307622504537208
51 147 53 153 0 1 0 1 0 1 0 1 0.23616152450090747
51 147 53 152 0 1 0 1 0 1 0 1 0 1 0.19600725952813067

single_rate
hypothetical SFs
1
104  305
1000
51 149 53 153 0 1 0 1 0 1 0.24379384781435512
50 146 54 154 0 1 0 1 0 1 0 1 0 1 0.25715056664867786
51 149 53 152 0 1 0 1 0 1 0 1 0.24271451699946034
51 148 53 153 0 1 0 1 0 1 0 1 0.25634106853750677

single_rate
hypothetical SFs
1
104  306
1000
50 146 54 156 0 1 0 1 0 1 0 1 0.17763670787392802
51 149 53 154 0 1 0 1 0 1 0.17474106247911791
51 148 53 153 0 1 0 1 0 1 0 1 0 1 0.19111259605746742
51 149 53 152 0 1 0 1 0 1 0 1 0 1 0.19400824145227755
51 149 53 153 0 1 0 1 0 1 0 1 0.262501392137209

single_rate
hypothetical SFs
1
104  307
1000
51 150 53 153 0 1 0 1 0 1 0 1 0.17252770673486784
51 149 53 155 0 1 0 1 0 1 0.18947144075021313
51 149 53 153 0 1 0 1 0 1 0 1 0 1 0.24669650468883203
52 150 52 152 0 1 0 1 0 1 0 1 0 1 0.1734867860187553
51 149 53 154 0 1 0 1 0 1 0 1 0.2178175618073316

single_rate
hypothetical SFs
1
105  260
1000
52 128 53 130 0 1 0 1 0.26767091541135574
51 126 54 132 0 1 0 1 0.2190034762456547
52 128 53 131 0 1 0.2694090382387022
51 127 54 132 0 1 0.24391657010428736

single_rate
hypothetical SFs
1
105  261
1000
52 129 53 131 0 1 0.19065143004713023
51 127 54 132 0 1 0 1 0.2112466912002066
52 128 53 132 0 1 0.1696687972109239
51 127 54 133 0 1 0.1849054167473691
52 128 53 131 0 1 0 1 0.24352766479437019

single_rate
hypothetical SFs
1
105  262
1000
52 129 53 132 0 1 0.23526383526383524
51 128 54 133 0 1 0.22316602316602313
52 129 53 131 0 1 0 1 0.28837408837408834
51 128 54 132 0 1 0 1 0.25319605319605315

single_rate
hypothetical SFs
1
105  263
1000
52 129 53 132 0 1 0 1 0.20556052577248643
51 128 54 134 0 1 0.20707453031450004
52 130 53 131 0 1 0 1 0.19097102745853692
52 130 53 132 0 1 0.18911293097515658
51 128 54 133 0 1 0 1 0.20728098547932008

single_rate
hypothetical SFs
1
105  264
1000
52 130 53 133 0 1 0.2535617515951403
51 128 54 134 0 1 0 1 0.2543483961192204
52 130 53 132 0 1 0 1 0.2741019141683419
52 129 53 133 0 1 0 1 0.21798793811729744

single_rate
hypothetical SFs
1
105  265
1000
51 129 54 134 0 1 0 1 0.20048126503953248
52 130 53 134 0 1 0.17662426950842214
52 130 53 133 0 1 0 1 0.25651426607081473
52 131 53 133 0 1 0.18494327947748368
51 128 54 135 0 1 0 1 0.181436919903747

single_rate
hypothetical SFs
1
105  266
1000
52 131 53 134 0 1 0.18098502868336364
51 130 54 134 0 1 0 1 0.20910871694417235
52 131 53 133 0 1 0 1 0.23184552959283616
51 129 54 135 0 1 0 1 0.18777109276619558
52 130 53 134 0 1 0 1 0.1902896320134322

single_rate
hypothetical SFs
1
105  267
1000
51 130 54 135 0 1 0 1 0.21502559103095295
51 130 54 136 0 1 0.18352425054837923
52 132 53 133 0 1 0 1 0.19571045576407506
52 132 53 134 0 1 0.17791859614915914
52 131 53 134 0 1 0 1 0.22782110650743356

single_rate
hypothetical SFs
1
105  268
1000
51 130 54 136 0 1 0 1 0.2077183098591549
52 131 53 135 0 1 0 1 0.19149295774647884
52 132 53 134 0 1 0 1 0.23109859154929577
52 132 53 135 0 1 0.1892394366197183
51 131 54 135 0 1 0 1 0.18045070422535212

single_rate
hypothetical SFs
1
105  269
1000
52 132 53 135 0 1 0 1 0.2547788873038516
52 132 53 134 0 1 0 1 0 1 0.18213980028530666
51 131 54 136 0 1 0 1 0.23206847360912977
52 133 53 134 0 1 0 1 0.1713552068473609
52 133 53 135 0 1 0.15965763195435093

single_rate
hypothetical SFs
1
105  270
1000
52 133 53 135 0 1 0 1 0.3063000348068221
51 132 54 136 0 1 0 1 0.2525583014270797
51 131 54 137 0 1 0 1 0.19825965889314304
52 132 53 135 0 1 0 1 0 1 0.24288200487295508

single_rate
hypothetical SFs
1
105  271
1000
52 133 53 136 0 1 0 1 0.1743848460330303
51 133 54 136 0 1 0 1 0.1383085050687735
52 134 53 135 0 1 0 1 0.18342772833277807
52 133 53 135 0 1 0 1 0 1 0.19532625767455145
51 132 54 137 0 1 0 1 0.15825044024558566
51 132 54 136 0 1 0 1 0 1 0.15030222264528104

single_rate
hypothetical SFs
1
105  272
1000
52 134 53 136 0 1 0 1 0.1748090625933353
51 133 54 137 0 1 0 1 0.13410419422281009
52 134 53 135 0 1 0 1 0 1 0.17007296155651322
52 133 53 136 0 1 0 1 0 1 0.13918163587489868
51 133 54 136 0 1 0 1 0 1 0.12612535734095662
51 132 54 138 0 1 0 1 0.12770405768656398
52 133 53 137 0 1 0 1 0.12800273072492213

single_rate
hypothetical SFs
1
105  273
1000
52 134 53 137 0 1 0 1 0.22078489165438564
52 134 53 136 0 1 0 1 0 1 0.2341575241526117
51 133 54 137 0 1 0 1 0 1 0.1798482615577752
51 133 54 138 0 1 0 1 0.20730309480923526
52 134 53 135 0 1 0 1 0 1 0 1 0.157906227825992

single_rate
hypothetical SFs
1
105  274
1000
51 133 54 139 0 1 0 1 0.17974288117265408
52 135 53 137 0 1 0 1 0.19169770515439147
52 134 53 136 0 1 0 1 0 1 0 1 0.17830109335576116
51 133 54 138 0 1 0 1 0 1 0.1974047819295927
52 134 53 137 0 1 0 1 0 1 0.25285353838760066

single_rate
hypothetical SFs
1
105  275
1000
52 135 53 138 0 1 0 1 0.2094294770206022
51 134 54 139 0 1 0 1 0.2400158478605388
52 135 53 137 0 1 0 1 0 1 0.2864500792393027
51 134 54 138 0 1 0 1 0 1 0.26410459587955626

single_rate
hypothetical SFs
1
105  276
1000
52 135 53 138 0 1 0 1 0 1 0.23792116973935157
51 134 54 140 0 1 0 1 0.27765416401780035
51 134 54 139 0 1 0 1 0 1 0.25127145581691035
52 136 53 137 0 1 0 1 0 1 0.2331532104259377

single_rate
hypothetical SFs
1
105  277
1000
52 136 53 139 0 1 0 1 0.20163562641742835
52 136 53 138 0 1 0 1 0 1 0.2053467115662154
51 135 54 140 0 1 0 1 0.20019242663734452
51 135 54 139 0 1 0 1 0 1 0.18582915263555772
51 134 54 140 0 1 0 1 0 1 0.20699608274345407

single_rate
hypothetical SFs
1
105  278
1000
51 135 54 141 0 1 0 1 0.21911459165734376
52 136 53 140 0 1 0 1 0.247322998241969
51 135 54 140 0 1 0 1 0 1 0.2579510947738533
52 136 53 139 0 1 0 1 0 1 0.2756113153268339

single_rate
hypothetical SFs
1
105  279
1000
51 136 54 140 0 1 0 1 0 1 0.21350237717908083
51 136 54 141 0 1 0 1 0.1818700475435816
52 136 53 140 0 1 0 1 0 1 0.20329635499207607
52 137 53 139 0 1 0 1 0 1 0.2019017432646593
52 137 53 140 0 1 0 1 0.19942947702060224

single_rate
hypothetical SFs
1
105  280
1000
52 137 53 141 0 1 0 1 0.17058349352018354
51 136 54 142 0 1 0 1 0.21312085322750665
52 137 53 140 0 1 0 1 0 1 0.23575370496682582
51 136 54 141 0 1 0 1 0 1 0.2058039312953432
52 138 53 140 0 1 0 1 0.17473801699014077

single_rate
hypothetical SFs
1
105  281
1000
51 137 54 142 0 1 0 1 0.17933747937555528
52 138 53 140 0 1 0 1 0 1 0.22763040995050132
51 136 54 142 0 1 0 1 0 1 0.20580022845538776
52 138 53 141 0 1 0 1 0.19494859753775862
52 137 53 141 0 1 0 1 0 1 0.19228328468079706

single_rate
hypothetical SFs
1
105  282
1000
52 138 53 140 0 1 0 1 0 1 0 1 0.1985653526312449
51 137 54 142 0 1 0 1 0 1 0.23214625785564658
52 138 53 142 0 1 0 1 0.15958864978099413
51 137 54 143 0 1 0 1 0.16276264838443474
52 138 53 141 0 1 0 1 0 1 0.24693709134767983

single_rate
hypothetical SFs
1
105  283
1000
52 138 53 141 0 1 0 1 0 1 0 1 0.2127060715721753
51 138 54 142 0 1 0 1 0 1 0.20426216324889426
52 138 53 142 0 1 0 1 0 1 0.1948800428896931
51 137 54 143 0 1 0 1 0 1 0.18791046776571504
52 139 53 141 0 1 0 1 0 1 0.20024125452352232

single_rate
hypothetical SFs
1
105  284
1000
51 138 54 143 0 1 0 1 0 1 0.21864571746384873
52 139 53 141 0 1 0 1 0 1 0 1 0.1852753058954394
52 139 53 142 0 1 0 1 0 1 0.20585372636262514
51 138 54 144 0 1 0 1 0.20293381535038935
52 140 53 141 0 1 0 1 0 1 0.18729143492769743

single_rate
hypothetical SFs
1
105  285
1000
51 138 54 144 0 1 0 1 0 1 0.2199264081517124
52 140 53 143 0 1 0 1 0.18836682705915653
52 140 53 142 0 1 0 1 0 1 0.21461930370789697
51 139 54 143 0 1 0 1 0 1 0.1869515992074724
52 139 53 143 0 1 0 1 0 1 0.1901358618737617

single_rate
hypothetical SFs
1
105  286
1000
52 140 53 142 0 1 0 1 0 1 0 1 0.2033496161898116
52 140 53 143 0 1 0 1 0 1 0.251360781577111
51 139 54 145 0 1 0 1 0.15778087927424986
52 140 53 144 0 1 0 1 0.1617585484996511
51 139 54 144 0 1 0 1 0 1 0.22575017445917656

single_rate
hypothetical SFs
1
105  287
1000
52 140 53 143 0 1 0 1 0 1 0 1 0.2178295682013154
51 140 54 144 0 1 0 1 0 1 0.20453245639119244
51 139 54 145 0 1 0 1 0 1 0.18430082928224192
52 140 53 144 0 1 0 1 0 1 0.19616814412353445
52 141 53 143 0 1 0 1 0 1 0.19716900200171575

single_rate
hypothetical SFs
1
105  288
1000
51 140 54 146 0 1 0 1 0.19647656016721407
51 140 54 145 0 1 0 1 0 1 0.21722902358913104
51 140 54 144 0 1 0 1 0 1 0 1 0.19893998208420421
52 141 53 144 0 1 0 1 0 1 0.19550612123021796
52 141 53 143 0 1 0 1 0 1 0 1 0.19184831292923257

single_rate
hypothetical SFs
1
105  289
1000
52 141 53 144 0 1 0 1 0 1 0 1 0.22993311036789296
51 140 54 146 0 1 0 1 0 1 0.26379598662207354
51 140 54 145 0 1 0 1 0 1 0 1 0.23146599777034557
51 139 54 146 0 1 0 1 0 1 0 1 0.27480490523968787

single_rate
hypothetical SFs
1
105  290
1000
52 142 53 145 0 1 0 1 0 1 0.1954674220963173
51 140 54 146 0 1 0 1 0 1 0 1 0.2431728045325779
52 142 53 144 0 1 0 1 0 1 0 1 0.19365439093484418
52 141 53 145 0 1 0 1 0 1 0 1 0.17881019830028325
51 140 54 147 0 1 0 1 0 1 0.18889518413597733

single_rate
hypothetical SFs
1
105  291
1000
51 141 54 146 0 1 0 1 0 1 0 1 0.27171757239190797
51 140 54 147 0 1 0 1 0 1 0 1 0.2389263519767288
52 142 53 145 0 1 0 1 0 1 0 1 0.2492397196879545
51 140 54 146 0 1 0 1 0 1 0 1 0 1 0.2401163559434087

single_rate
hypothetical SFs
1
105  292
1000
51 141 54 146 0 1 0 1 0 1 0 1 0 1 0.26180819050111215
51 141 54 148 0 1 0 1 0 1 0.2378647128091064
52 142 53 145 0 1 0 1 0 1 0 1 0 1 0.2381263901609316
51 141 54 147 0 1 0 1 0 1 0 1 0.2622007065288499

single_rate
hypothetical SFs
1
105  293
1000
50 139 55 150 0 1 0 1 0 1 0 1 0.29265277287177677
51 141 54 148 0 1 0 1 0 1 0 1 0.3735429176969268
51 141 54 147 0 1 0 1 0 1 0 1 0 1 0.33380430943129635

single_rate
hypothetical SFs
1
105  294
1000
50 140 55 150 0 1 0 1 0 1 0 1 0.2330784480317191
51 142 54 148 0 1 0 1 0 1 0 1 0.2506372132540357
51 141 54 148 0 1 0 1 0 1 0 1 0 1 0.28094024355706604
51 141 54 149 0 1 0 1 0 1 0 1 0.2353440951571793

single_rate
hypothetical SFs
1
105  295
1000
50 140 55 150 0 1 0 1 0 1 0 1 0 1 0.19231228363375907
51 142 54 148 0 1 0 1 0 1 0 1 0 1 0.2083084636504715
52 144 53 147 0 1 0 1 0 1 0 1 0.2009072460307986
50 140 55 151 0 1 0 1 0 1 0 1 0.21559030679240776
51 142 54 149 0 1 0 1 0 1 0 1 0.18288169989256295

single_rate
hypothetical SFs
1
105  296
1000
50 140 55 151 0 1 0 1 0 1 0 1 0 1 0.33475314617618585
52 144 53 148 0 1 0 1 0 1 0 1 0.3285575992255566
52 144 53 147 0 1 0 1 0 1 0 1 0 1 0.3366892545982575

single_rate
hypothetical SFs
1
105  297
1000
50 140 55 153 0 1 0 1 0 1 0 1 0.34239130434782605
52 144 53 148 0 1 0 1 0 1 0 1 0 1 0.32127926421404684
52 144 53 149 0 1 0 1 0 1 0 1 0.3363294314381271

single_rate
hypothetical SFs
1
105  298
1000
51 144 54 149 0 1 0 1 0 1 0 1 0 1 0.19363648777823295
52 144 53 149 0 1 0 1 0 1 0 1 0 1 0.2038781919978151
51 144 54 150 0 1 0 1 0 1 0 1 0.2175337976239246
52 146 53 148 0 1 0 1 0 1 0 1 0.19131503482179435
52 145 53 149 0 1 0 1 0 1 0 1 0.19363648777823295

single_rate
hypothetical SFs
1
105  299
1000
52 146 53 149 0 1 0 1 0 1 0 1 0.3498519249753208
51 144 54 151 0 1 0 1 0 1 0 1 0.2983218163869694
51 145 54 150 0 1 0 1 0 1 0 1 0.3518262586377098

single_rate
hypothetical SFs
1
105  300
1000
52 146 53 149 0 1 0 1 0 1 0 1 0 1 0.2542325056433409
51 145 54 150 0 1 0 1 0 1 0 1 0 1 0.2577595936794583
51 145 54 151 0 1 0 1 0 1 0 1 0.2643905191873589
51 145 54 152 0 1 0 1 0 1 0.22361738148984198

single_rate
hypothetical SFs
1
105  301
1000
52 148 53 149 0 1 0 1 0 1 0 1 0.21072337876291747
52 147 53 149 0 1 0 1 0 1 0 1 0 1 0.23453646847386553
51 145 54 152 0 1 0 1 0 1 0 1 0.3046278268683541
51 145 54 151 0 1 0 1 0 1 0 1 0 1 0.250112325894863

single_rate
hypothetical SFs
1
105  302
1000
52 148 53 149 0 1 0 1 0 1 0 1 0 1 0.225
51 145 54 152 0 1 0 1 0 1 0 1 0 1 0.2658682634730539
51 146 54 152 0 1 0 1 0 1 0 1 0.2775449101796407
52 147 53 151 0 1 0 1 0 1 0 1 0.23158682634730537

single_rate
hypothetical SFs
1
105  303
1000
51 147 54 152 0 1 0 1 0 1 0 1 0.2635935493078351
52 148 53 151 0 1 0 1 0 1 0 1 0.2703011274439846
52 148 53 150 0 1 0 1 0 1 0 1 0 1 0.21549878692735838
51 146 54 152 0 1 0 1 0 1 0 1 0 1 0.250606536320822

single_rate
hypothetical SFs
1
105  304
1000
51 147 54 153 0 1 0 1 0 1 0 1 0.19269731715462537
52 148 53 152 0 1 0 1 0 1 0 1 0.17555382388956917
52 148 53 151 0 1 0 1 0 1 0 1 0 1 0.227763553378604
51 147 54 152 0 1 0 1 0 1 0 1 0 1 0.23232773015696312
51 146 54 154 0 1 0 1 0 1 0 1 0.1716575754202382

single_rate
hypothetical SFs
1
105  305
1000
51 147 54 154 0 1 0 1 0 1 0 1 0.3575937616041589
51 147 54 153 0 1 0 1 0 1 0 1 0 1 0.344225770516153
52 148 53 151 0 1 0 1 0 1 0 1 0 1 0 1 0.2981804678796881

single_rate
hypothetical SFs
1
105  306
1000
51 147 54 154 0 1 0 1 0 1 0 1 0 1 0.5296244784422809
51 148 54 154 0 1 0 1 0 1 0 1 0.47037552155771906

single_rate
hypothetical SFs
1
105  307
1000
51 148 54 154 0 1 0 1 0 1 0 1 0 1 0.20787492762015056
52 150 53 152 0 1 0 1 0 1 0 1 0 1 0.18286045165026055
52 149 53 153 0 1 0 1 0 1 0 1 0 1 0.179154603358425
51 149 54 154 0 1 0 1 0 1 0 1 0.20382165605095542
52 150 53 153 0 1 0 1 0 1 0 1 0.22628836132020844

single_rate
hypothetical SFs
1
105  308
1000
51 149 54 154 0 1 0 1 0 1 0 1 0 1 0.237293956043956
52 150 53 153 0 1 0 1 0 1 0 1 0 1 0.22847985347985345
51 149 54 155 0 1 0 1 0 1 0 1 0.18601190476190474
51 148 54 156 0 1 0 1 0 1 0 1 0.16804029304029303
52 150 53 154 0 1 0 1 0 1 0 1 0.18017399267399267

single_rate
hypothetical SFs
1
106  260
1000
52 128 54 130 0 1 0 1 0.19682025614603266
51 126 55 133 0 1 0.16774620933313705
52 127 54 132 0 1 0.20874429559841012
52 128 54 131 0 1 0.18276166642131605
52 127 54 131 0 1 0 1 0.24392757250110408

single_rate
hypothetical SFs
1
106  261
1000
52 128 54 132 0 1 0.24769255251432207
52 127 54 132 0 1 0 1 0.26639083386378104
53 129 53 130 0 1 0 1 0.19995225970719285
52 128 54 131 0 1 0 1 0.285964353914704

single_rate
hypothetical SFs
1
106  262
1000
52 129 54 132 0 1 0.1776703859000782
53 129 53 131 0 1 0 1 0.18179233885295998
52 128 54 133 0 1 0.18612749626892192
52 128 54 132 0 1 0 1 0.27745007462156207
52 129 54 131 0 1 0 1 0.17695970435647784

single_rate
hypothetical SFs
1
106  263
1000
52 129 54 133 0 1 0.22797650827549384
53 130 53 131 0 1 0 1 0.2150738565581064
52 129 54 132 0 1 0 1 0.296583021890016
52 128 54 133 0 1 0 1 0.2603666132763837

single_rate
hypothetical SFs
1
106  264
1000
52 129 54 133 0 1 0 1 0.39460309777347535
52 130 54 132 0 1 0 1 0.3054211035818006
51 127 55 135 0 1 0 1 0.2999757986447241

single_rate
hypothetical SFs
1
106  265
1000
52 129 54 134 0 1 0 1 0.23232002539884114
51 128 55 135 0 1 0 1 0.20596872767679972
52 129 54 133 0 1 0 1 0 1 0.17263274863084369
52 130 54 133 0 1 0 1 0.22017620446067146
52 130 54 134 0 1 0.16890229383284386

single_rate
hypothetical SFs
1
106  266
1000
52 131 54 133 0 1 0 1 0.18092105263157895
52 130 54 134 0 1 0 1 0.2784402412280702
53 131 53 133 0 1 0 1 0.19257127192982457
52 130 54 133 0 1 0 1 0 1 0.1715323464912281
52 130 54 135 0 1 0.17653508771929827

single_rate
hypothetical SFs
1
106  267
1000
52 131 54 134 0 1 0 1 0.2523322104172065
52 130 54 135 0 1 0 1 0.22505830526043014
52 131 54 135 0 1 0.17426794506348792
52 130 54 134 0 1 0 1 0 1 0.16442083441306035
53 132 53 133 0 1 0 1 0.18392070484581494

single_rate
hypothetical SFs
1
106  268
1000
52 132 54 134 0 1 0 1 0.24420043303433342
52 131 54 134 0 1 0 1 0 1 0.22664707701824932
52 131 54 136 0 1 0.21860501082585834
52 131 54 135 0 1 0 1 0.31054747912155894

single_rate
hypothetical SFs
1
106  269
1000
52 132 54 135 0 1 0 1 0.24795507264070324
52 131 54 136 0 1 0 1 0.22585764863874985
51 130 55 137 0 1 0 1 0.17348309119765598
52 131 54 135 0 1 0 1 0 1 0.17800024417043095
53 133 53 134 0 1 0 1 0.17470394335246003

single_rate
hypothetical SFs
1
106  270
1000
51 131 55 137 0 1 0 1 0.162717687477787
53 133 53 135 0 1 0 1 0.19180191920388578
52 132 54 136 0 1 0 1 0.2599218102120602
52 132 54 135 0 1 0 1 0 1 0.2122971211941713
52 133 54 135 0 1 0 1 0.17326146191209574

single_rate
hypothetical SFs
1
106  271
1000
53 134 53 135 0 1 0 1 0.17586726998491703
52 133 54 135 0 1 0 1 0 1 0.1805731523378582
52 133 54 136 0 1 0 1 0.25019607843137254
52 132 54 136 0 1 0 1 0 1 0.2269683257918552
52 132 54 137 0 1 0 1 0.166395173453997

single_rate
hypothetical SFs
1
106  272
1000
53 135 53 135 0 1 0 1 0.14398101898101898
53 134 53 135 0 1 0 1 0 1 0.18412837162837162
52 134 54 136 0 1 0 1 0.19617882117882116
52 133 54 136 0 1 0 1 0 1 0.27385114885114886
52 133 54 137 0 1 0 1 0.20186063936063936

single_rate
hypothetical SFs
1
106  273
1000
52 133 54 137 0 1 0 1 0 1 0.21245083579154378
52 133 54 136 0 1 0 1 0 1 0 1 0.18117010816125861
52 134 54 136 0 1 0 1 0 1 0.24981563421828912
52 133 54 138 0 1 0 1 0.1769911504424779
52 134 54 137 0 1 0 1 0.1795722713864307

single_rate
hypothetical SFs
1
106  274
1000
52 134 54 137 0 1 0 1 0 1 0.2473251758586038
52 134 54 138 0 1 0 1 0.23367027250694572
52 134 54 136 0 1 0 1 0 1 0 1 0.18708990955843235
53 135 53 137 0 1 0 1 0.1642726251699474
53 135 53 136 0 1 0 1 0 1 0.16764201690607083

single_rate
hypothetical SFs
1
106  275
1000
52 134 54 139 0 1 0 1 0.4179384203480589
52 134 54 138 0 1 0 1 0 1 0.582061579651941

single_rate
hypothetical SFs
1
106  276
1000
52 134 54 139 0 1 0 1 0 1 0.20352586088626698
52 135 54 138 0 1 0 1 0 1 0.2549732473590342
52 134 54 140 0 1 0 1 0.1724516394567156
52 135 54 139 0 1 0 1 0.18479901221017972
52 134 54 138 0 1 0 1 0 1 0 1 0.18425024008780355

single_rate
hypothetical SFs
1
106  277
1000
52 135 54 139 0 1 0 1 0 1 0.23841016238868518
52 135 54 138 0 1 0 1 0 1 0 1 0.2036406495547407
51 134 55 141 0 1 0 1 0.17273441592456784
52 136 54 138 0 1 0 1 0 1 0.18864588789942377
52 135 54 140 0 1 0 1 0.1965688842325825

single_rate
hypothetical SFs
1
106  278
1000
52 136 54 139 0 1 0 1 0 1 0.22015386728946282
52 135 54 140 0 1 0 1 0 1 0.22448138480560514
52 136 54 140 0 1 0 1 0.2035993955213628
52 135 54 139 0 1 0 1 0 1 0 1 0.16616293446902045
52 136 54 138 0 1 0 1 0 1 0 1 0.18560241791454868

single_rate
hypothetical SFs
1
106  279
1000
52 136 54 139 0 1 0 1 0 1 0 1 0.30324221233312143
52 136 54 141 0 1 0 1 0.2732570459843187
52 136 54 140 0 1 0 1 0 1 0.4235007416825599

single_rate
hypothetical SFs
1
106  280
1000
52 137 54 140 0 1 0 1 0 1 0.2935574693607155
52 136 54 141 0 1 0 1 0 1 0.24660483603842331
52 137 54 141 0 1 0 1 0.21232196091421
52 136 54 140 0 1 0 1 0 1 0 1 0.2475157336866512

single_rate
hypothetical SFs
1
106  281
1000
51 136 55 143 0 1 0 1 0.16784791680466318
52 137 54 142 0 1 0 1 0.19447572365370605
52 137 54 141 0 1 0 1 0 1 0.2387229250844539
52 138 54 140 0 1 0 1 0 1 0.1863946479433
52 137 54 140 0 1 0 1 0 1 0 1 0.21255878651387694

single_rate
hypothetical SFs
1
106  282
1000
52 138 54 142 0 1 0 1 0.17956844234659472
52 138 54 141 0 1 0 1 0 1 0.21807147673634522
52 137 54 142 0 1 0 1 0 1 0.2360755225893459
52 138 54 140 0 1 0 1 0 1 0 1 0.18489548213081589
52 137 54 141 0 1 0 1 0 1 0 1 0.18138907619689817

single_rate
hypothetical SFs
1
106  283
1000
52 138 54 142 0 1 0 1 0 1 0.3349822094940554
51 137 55 143 0 1 0 1 0 1 0.20220428707801788
52 138 54 141 0 1 0 1 0 1 0 1 0.2587867742775319
52 137 54 142 0 1 0 1 0 1 0 1 0.20402672915039485

single_rate
hypothetical SFs
1
106  284
1000
52 138 54 142 0 1 0 1 0 1 0 1 0.23348803998571938
53 140 53 141 0 1 0 1 0 1 0.1832916815423063
52 138 54 143 0 1 0 1 0 1 0.2149946447697251
52 139 54 141 0 1 0 1 0 1 0 1 0.15194573366654765
52 139 54 142 0 1 0 1 0 1 0.21627990003570152

single_rate
hypothetical SFs
1
106  285
1000
52 139 54 142 0 1 0 1 0 1 0 1 0.2202008001811731
52 138 54 144 0 1 0 1 0 1 0.18185249490450667
52 140 54 142 0 1 0 1 0 1 0.1942326564505171
52 139 54 143 0 1 0 1 0 1 0.2252585491054578
51 138 55 144 0 1 0 1 0 1 0.1784554993583453

single_rate
hypothetical SFs
1
106  286
1000
52 139 54 144 0 1 0 1 0 1 0.2243531889290012
52 140 54 144 0 1 0 1 0.1736612515042118
52 140 54 143 0 1 0 1 0 1 0.20577617328519857
52 140 54 142 0 1 0 1 0 1 0 1 0.20645306859205775
52 139 54 143 0 1 0 1 0 1 0 1 0.1897563176895307

single_rate
hypothetical SFs
1
106  287
1000
52 140 54 143 0 1 0 1 0 1 0 1 0.26263563015858293
53 141 53 143 0 1 0 1 0 1 0.20550867105629228
52 139 54 144 0 1 0 1 0 1 0 1 0.22758045070945004
52 140 54 144 0 1 0 1 0 1 0.30427524807567463

single_rate
hypothetical SFs
1
106  288
1000
52 140 54 143 0 1 0 1 0 1 0 1 0 1 0.1779420125071063
52 140 54 145 0 1 0 1 0 1 0.18351335986355885
52 140 54 144 0 1 0 1 0 1 0 1 0.25127913587265494
51 138 55 147 0 1 0 1 0 1 0.20898237635019898
51 138 55 146 0 1 0 1 0 1 0 1 0.17828311540648095

single_rate
hypothetical SFs
1
106  289
1000
52 141 54 144 0 1 0 1 0 1 0 1 0.18554709692080446
52 140 54 145 0 1 0 1 0 1 0 1 0.2177025338029769
51 139 55 147 0 1 0 1 0 1 0.19031928189978412
52 140 54 144 0 1 0 1 0 1 0 1 0 1 0.21440745369844336
52 140 54 146 0 1 0 1 0 1 0.1920236336779911

single_rate
hypothetical SFs
1
106  290
1000
51 139 55 147 0 1 0 1 0 1 0 1 0.48294829482948287
52 140 54 146 0 1 0 1 0 1 0 1 0.517051705170517

single_rate
hypothetical SFs
1
106  291
1000
51 140 55 148 0 1 0 1 0 1 0.2340554461445235
52 141 54 146 0 1 0 1 0 1 0 1 0.26374791698227534
52 140 54 146 0 1 0 1 0 1 0 1 0 1 0.2319345553703984
51 140 55 147 0 1 0 1 0 1 0 1 0.27026208150280256

single_rate
hypothetical SFs
1
106  292
1000
52 142 54 146 0 1 0 1 0 1 0 1 0.24080149988282165
52 142 54 145 0 1 0 1 0 1 0 1 0 1 0.18408718068900864
52 141 54 146 0 1 0 1 0 1 0 1 0 1 0.18596203421607685
51 140 55 149 0 1 0 1 0 1 0.1976798687602531
51 140 55 148 0 1 0 1 0 1 0 1 0.1914694164518397

single_rate
hypothetical SFs
1
106  293
1000
51 140 55 149 0 1 0 1 0 1 0 1 0.25010426803837066
52 142 54 147 0 1 0 1 0 1 0 1 0.24329208953148898
52 142 54 146 0 1 0 1 0 1 0 1 0 1 0.27415542888919786
51 141 55 148 0 1 0 1 0 1 0 1 0.23244821354094258

single_rate
hypothetical SFs
1
106  294
1000
51 141 55 149 0 1 0 1 0 1 0 1 0.3626904496469714
52 142 54 148 0 1 0 1 0 1 0 1 0.3192121887774062
52 142 54 147 0 1 0 1 0 1 0 1 0 1 0.31809736157562246

single_rate
hypothetical SFs
1
106  295
1000
51 141 55 149 0 1 0 1 0 1 0 1 0 1 0.2176484789956543
50 139 56 152 0 1 0 1 0 1 0 1 0.18119266055045874
52 142 54 148 0 1 0 1 0 1 0 1 0 1 0.20521487204249156
51 141 55 150 0 1 0 1 0 1 0 1 0.2077498792853694
52 143 54 148 0 1 0 1 0 1 0 1 0.18819410912602608

single_rate
hypothetical SFs
1
106  296
1000
52 144 54 147 0 1 0 1 0 1 0 1 0 1 0.1906716417910448
52 143 54 148 0 1 0 1 0 1 0 1 0 1 0.21082089552238806
51 141 55 151 0 1 0 1 0 1 0 1 0.19937810945273632
52 144 54 148 0 1 0 1 0 1 0 1 0.2105721393034826
51 141 55 150 0 1 0 1 0 1 0 1 0 1 0.18855721393034827

single_rate
hypothetical SFs
1
106  297
1000
52 144 54 148 0 1 0 1 0 1 0 1 0 1 0.3022670025188917
51 142 55 151 0 1 0 1 0 1 0 1 0.2412209216180175
50 140 56 152 0 1 0 1 0 1 0 1 0 1 0.22788561268336052
52 144 54 149 0 1 0 1 0 1 0 1 0.22862646317973034

single_rate
hypothetical SFs
1
106  298
1000
52 144 54 148 0 1 0 1 0 1 0 1 0 1 0 1 0.2727137324992553
51 142 55 151 0 1 0 1 0 1 0 1 0 1 0.2265415549597855
52 144 54 150 0 1 0 1 0 1 0 1 0.2234137622877569
52 144 54 149 0 1 0 1 0 1 0 1 0 1 0.27733095025320226

single_rate
hypothetical SFs
1
106  299
1000
52 144 54 150 0 1 0 1 0 1 0 1 0 1 0.5351672397624258
52 144 54 149 0 1 0 1 0 1 0 1 0 1 0 1 0.46483276023757425

single_rate
hypothetical SFs
1
106  300
1000
52 146 54 149 0 1 0 1 0 1 0 1 0 1 0.2099070307960488
51 144 55 151 0 1 0 1 0 1 0 1 0 1 0.19552585705984893
52 146 54 150 0 1 0 1 0 1 0 1 0.21005229517722257
52 144 54 150 0 1 0 1 0 1 0 1 0 1 0 1 0.18913422428820453
52 145 54 150 0 1 0 1 0 1 0 1 0 1 0.1953805926786752

single_rate
hypothetical SFs
1
106  301
1000
52 146 54 150 0 1 0 1 0 1 0 1 0 1 0.23114888949821769
51 145 55 153 0 1 0 1 0 1 0.18522072936660267
52 146 54 151 0 1 0 1 0 1 0 1 0.1890595009596929
51 145 55 152 0 1 0 1 0 1 0 1 0.1835755415409926
51 144 55 153 0 1 0 1 0 1 0 1 0.21099533863449407

single_rate
hypothetical SFs
1
106  302
1000
52 147 54 150 0 1 0 1 0 1 0 1 0 1 0.18427582604153062
52 146 54 150 0 1 0 1 0 1 0 1 0 1 0 1 0.19380958599973883
52 146 54 151 0 1 0 1 0 1 0 1 0 1 0.19472378216011493
52 146 54 152 0 1 0 1 0 1 0 1 0.19838056680161945
51 145 55 153 0 1 0 1 0 1 0 1 0.22881023899699623

single_rate
hypothetical SFs
1
106  303
1000
52 147 54 152 0 1 0 1 0 1 0 1 0.19344733063568725
51 145 55 153 0 1 0 1 0 1 0 1 0 1 0.21381020754470695
51 145 55 154 0 1 0 1 0 1 0 1 0.19527476830700952
52 147 54 151 0 1 0 1 0 1 0 1 0 1 0.19488317452029763
52 146 54 152 0 1 0 1 0 1 0 1 0 1 0.20258451899229868

single_rate
hypothetical SFs
1
106  304
1000
52 147 54 152 0 1 0 1 0 1 0 1 0 1 0.25527591058308585
51 145 55 155 0 1 0 1 0 1 0 1 0.22307331561669533
52 148 54 152 0 1 0 1 0 1 0 1 0.27778646240425203
52 148 54 151 0 1 0 1 0 1 0 1 0 1 0.24386431139596684

single_rate
hypothetical SFs
1
106  305
1000
52 148 54 152 0 1 0 1 0 1 0 1 0 1 0.26060755134669783
52 148 54 153 0 1 0 1 0 1 0 1 0.18792276472758576
51 146 55 155 0 1 0 1 0 1 0 1 0.19284220883040215
52 147 54 152 0 1 0 1 0 1 0 1 0 1 0 1 0.17242651580371415
52 148 54 151 0 1 0 1 0 1 0 1 0 1 0 1 0.18620095929160005

single_rate
hypothetical SFs
1
106  306
1000
52 148 54 152 0 1 0 1 0 1 0 1 0 1 0 1 0.2683102652825836
52 148 54 154 0 1 0 1 0 1 0 1 0.24077277970011532
52 148 54 153 0 1 0 1 0 1 0 1 0 1 0.24221453287197228
51 147 55 155 0 1 0 1 0 1 0 1 0.24870242214532873

single_rate
hypothetical SFs
1
106  307
1000
51 147 55 156 0 1 0 1 0 1 0 1 0.1890151515151515
52 148 54 154 0 1 0 1 0 1 0 1 0 1 0.22070707070707068
52 150 54 152 0 1 0 1 0 1 0 1 0 1 0.189520202020202
51 147 55 155 0 1 0 1 0 1 0 1 0 1 0.20593434343434344
52 148 54 153 0 1 0 1 0 1 0 1 0 1 0 1 0.1948232323232323

single_rate
hypothetical SFs
1
106  308
1000
52 149 54 154 0 1 0 1 0 1 0 1 0 1 0.34948024948024947
52 150 54 153 0 1 0 1 0 1 0 1 0 1 0.3174636174636175
52 150 54 154 0 1 0 1 0 1 0 1 0.3330561330561331

single_rate
hypothetical SFs
1
106  309
1000
51 148 55 157 0 1 0 1 0 1 0 1 0.18428080885158338
52 150 54 154 0 1 0 1 0 1 0 1 0 1 0.260587561999237
52 150 54 153 0 1 0 1 0 1 0 1 0 1 0 1 0.19305608546356356
52 149 54 154 0 1 0 1 0 1 0 1 0 1 0 1 0.1816100724914155
51 149 55 155 0 1 0 1 0 1 0 1 0 1 0.1804654711942007

