single_rate
GEF beta delayed
1
97  287
30.806541358219793
47 139 50 146 0 1 0 1 0.07129329438577345
48 141 49 142 0 1 0 1 0 1 0 1 0.0697525117966167
47 139 50 144 0 1 0 1 0 1 0 1 0.10297563637530896
48 140 49 144 0 1 0 1 0 1 0.10345713093442045
48 141 49 143 0 1 0 1 0 1 0.11173883735113795
48 140 49 143 0 1 0 1 0 1 0 1 0.1586364074085963
47 140 50 144 0 1 0 1 0 1 0.08095528520527719
47 139 50 145 0 1 0 1 0 1 0.08673321991461497
47 138 50 146 0 1 0 1 0 1 0.07161429075851443
48 140 49 145 0 1 0 1 0.06750553718742978
48 140 49 142 0 1 0 1 0 1 0 1 0 1 0.0753378486823099

single_rate
GEF beta delayed
1
98  289
18.240715277893297
49 143 49 143 0 1 0 1 0 1 0.08195614315669758
49 142 49 144 0 1 0 1 0 1 0.07559441305043181
48 141 50 144 0 1 0 1 0 1 0 1 0.131392827948964
48 140 50 144 0 1 0 1 0 1 0 1 0 1 0.1278743291751075
48 141 50 145 0 1 0 1 0 1 0.08881543874613497
48 142 50 144 0 1 0 1 0 1 0.08689625759675872
47 139 51 147 0 1 0 1 0 1 0.07993034083235596
49 142 49 143 0 1 0 1 0 1 0 1 0.09951309663432491
48 140 50 146 0 1 0 1 0 1 0.10928670433948182
48 140 50 145 0 1 0 1 0 1 0 1 0.11874044851974269

single_rate
GEF beta delayed
1
99  291
17.773004629742186
49 142 50 146 0 1 0 1 0 1 0.11565231466494011
48 141 51 147 0 1 0 1 0 1 0.11435739721592747
48 141 51 146 0 1 0 1 0 1 0 1 0.08781158951116866
48 140 51 147 0 1 0 1 0 1 0 1 0.10298640336678536
49 142 50 144 0 1 0 1 0 1 0 1 0 1 0.10776141146001941
49 142 50 145 0 1 0 1 0 1 0 1 0.11241502104240854
49 143 50 144 0 1 0 1 0 1 0 1 0.14883457429588862
49 143 50 145 0 1 0 1 0 1 0.11682583360310779
49 143 50 146 0 1 0 1 0.09335545483975397

single_rate
GEF beta delayed
1
101  288
1.0548579828944533
49 139 52 145 0 1 0 1 0 1 0 1 0.12133868808567604
50 140 51 144 0 1 0 1 0 1 0 1 0.1719946452476573
49 140 52 145 0 1 0 1 0 1 0.1112182061579652
49 139 52 146 0 1 0 1 0 1 0.15325301204819278
49 140 52 144 0 1 0 1 0 1 0 1 0.13370816599732263
50 140 51 143 0 1 0 1 0 1 0 1 0 1 0.13713520749665328
50 140 51 145 0 1 0 1 0 1 0.1713520749665328

single_rate
GEF beta delayed
1
97  260
0.02066178740345558
48 129 49 130 0 1 0.09344385832705349
48 128 49 130 0 1 0 1 0.17745003050202746
47 126 50 132 0 1 0 1 0.1617683998995227
48 127 49 131 0 1 0 1 0.1545196827789141
48 127 49 130 0 1 0 1 0 1 0.08859941866724082
47 127 50 132 0 1 0.09143431298668675
48 128 49 131 0 1 0.12380234686187963
47 127 50 131 0 1 0 1 0.1089819499766749

single_rate
GEF beta delayed
1
98  292
29.123831115964087
48 142 50 147 0 1 0 1 0 1 0.10057830572053768
48 141 50 148 0 1 0 1 0 1 0.08193966864645202
48 142 50 146 0 1 0 1 0 1 0 1 0.18482338230697096
48 142 50 145 0 1 0 1 0 1 0 1 0 1 0.11952954048140045
48 143 50 146 0 1 0 1 0 1 0.08854329477961866
48 141 50 147 0 1 0 1 0 1 0 1 0.09139574867145984
49 143 49 145 0 1 0 1 0 1 0 1 0.132541419193498
48 141 50 146 0 1 0 1 0 1 0 1 0 1 0.1098390121913098
49 144 49 145 0 1 0 1 0 1 0.09080962800875275

single_rate
GEF beta delayed
1
97  264
0.18317843038053525
47 128 50 133 0 1 0 1 0 1 0.07671372249777438
48 130 49 132 0 1 0 1 0.1330789774895078
47 129 50 132 0 1 0 1 0 1 0.09174615286786213
48 130 49 131 0 1 0 1 0 1 0.13305354190512525
47 129 50 133 0 1 0 1 0.09139005468650642
48 129 49 133 0 1 0 1 0.10431133155284242
47 128 50 134 0 1 0 1 0.09632455805672134
48 131 49 131 0 1 0 1 0.05186315655602187
48 129 49 132 0 1 0 1 0 1 0.10568485310950018
48 129 49 131 0 1 0 1 0 1 0 1 0.05468650642248505
48 130 49 133 0 1 0.06114714485565305

single_rate
GEF beta delayed
1
99  268
0.09366474069428879
49 132 50 134 0 1 0 1 0.17143170718322998
48 130 51 135 0 1 0 1 0 1 0.21697854359874882
49 131 50 134 0 1 0 1 0 1 0.24271524995884322
48 130 51 136 0 1 0 1 0.19041870164078362
49 131 50 133 0 1 0 1 0 1 0 1 0.1784557976183943

single_rate
GEF beta delayed
1
99  270
0.11984079609950817
48 131 51 136 0 1 0 1 0 1 0.21035576858165125
49 133 50 134 0 1 0 1 0 1 0.19158846958752446
49 132 50 135 0 1 0 1 0 1 0.21798420306487543
48 131 51 137 0 1 0 1 0.1781543239046783
49 132 50 134 0 1 0 1 0 1 0 1 0.2019172348612705

single_rate
GEF beta delayed
1
101  270
0.009183311657016458
50 132 51 135 0 1 0 1 0 1 0.3749352667011911
50 132 51 134 0 1 0 1 0 1 0 1 0.28689798032107716
49 131 52 136 0 1 0 1 0 1 0.33816675297773174

single_rate
GEF beta delayed
1
101  272
0.011067440859403815
50 133 51 135 0 1 0 1 0 1 0 1 0.19413590329957528
49 132 52 136 0 1 0 1 0 1 0 1 0.1932375040836328
49 132 52 137 0 1 0 1 0 1 0.21986278993792877
49 132 52 138 0 1 0 1 0.18000653381247958
50 133 51 136 0 1 0 1 0 1 0.21275726886638352

single_rate
GEF spontaneous
1
97  253
1.1892106013203265e-09
42 106 55 143 0 1 0 1 0 1 0 1 1.0

rate_table
GEF neutron induced
2
0  1
90 241
21
0.1   2.5306574761432577e-25
0.2   1.7763506171469956e-12
0.3   3.4025779085990813e-08
0.5   0.00010117650413572894
1.0   0.11646454953325044
2.0   130.07564661091862
3.0   3378.753026323353
5.0   86734.66666434472
7.0   502004.9706827089
10.0   2483241.4270590814
25.0   57053230.138203025
50.0   252720228.68187597
75.0   388400478.1089976
100.0   439058785.7364864
125.0   442639414.9420173
150.0   424921843.5612335
175.0   398919126.08559185
200.0   370752910.6975201
225.0   343189884.17192566
250.0   317394091.94058305
275.0   293767573.9621854
40 104 50 135 0 1 0 1 0 1 0.23852147594822587
40 106 50 134 0 1 0 1 0.18191770236332022
40 106 50 133 0 1 0 1 0 1 0.2119260737974113
40 105 50 135 0 1 0 1 0.16530362547491786
40 105 50 134 0 1 0 1 0 1 0.20233112241612464

rate_table
GEF neutron induced
2
0  1
92 253
21
0.1   148716019.968716
0.2   109353385.6075365
0.3   106710408.9656502
0.5   118024420.34347273
1.0   157271561.5930581
2.0   253181715.16229084
3.0   363262844.8714002
5.0   572969501.4244509
7.0   746221618.0163122
10.0   945357799.4994527
25.0   1499917111.5007179
50.0   2156268119.014861
75.0   2439516586.0924935
100.0   2428154832.3730474
125.0   2287675076.1201997
150.0   2106529644.0023718
175.0   1922846873.8673906
200.0   1751366838.5039537
225.0   1596718826.8760312
250.0   1459317583.0040028
275.0   1337935376.5050213
42 121 50 129 0 1 0 1 0 1 0 1 0.20503790365904612
42 120 50 130 0 1 0 1 0 1 0 1 0.22073658449232972
42 122 50 129 0 1 0 1 0 1 0.19256252611472569
42 120 50 129 0 1 0 1 0 1 0 1 0 1 0.21470781352593565
42 122 50 128 0 1 0 1 0 1 0 1 0.16695517220796274

rate_table
GEF neutron induced
2
0  1
97 262
21
0.1   441344242.42649424
0.2   453268684.6110736
0.3   559413032.8137239
0.5   795611275.9477077
1.0   1236652268.500231
2.0   1660600989.171383
3.0   1889712883.706087
5.0   2180747493.5324516
7.0   2358538858.237502
10.0   2533444188.5348454
25.0   3328115115.148772
50.0   4538808945.436986
75.0   4912790656.016141
100.0   4761390448.207059
125.0   4412290819.073667
150.0   4018345889.46859
175.0   3639453334.7595563
200.0   3295772324.439908
225.0   2991422465.3717594
250.0   2724400195.0891047
275.0   2490679339.212149
48 129 49 132 0 1 0 1 0.21568989727292884
48 130 49 131 0 1 0 1 0.2033478678589905
48 129 49 131 0 1 0 1 0 1 0.2669425763062597
47 128 50 132 0 1 0 1 0 1 0.17485773409208485
47 128 50 133 0 1 0 1 0.13916192446973616

rate_table
GEF neutron induced
2
0  1
106 276
21
0.1   766856748.8914042
0.2   834704485.1358386
0.3   1028741724.4061062
0.5   1401985460.7115567
1.0   1992764436.2213156
2.0   2482389945.1940894
3.0   2724489872.4289703
5.0   3018191895.869727
7.0   3201133321.5374374
10.0   3401081304.474143
25.0   4400423781.907186
50.0   5746028820.135056
75.0   6071813919.11614
100.0   5811550965.34465
125.0   5346047689.735229
150.0   4845621102.500178
175.0   4374214236.992622
200.0   3951536784.1114683
225.0   3579984086.620217
250.0   3255666355.6664705
275.0   2972861371.9926825
52 134 54 138 0 1 0 1 0 1 0 1 0 1 0.26796368352788585
52 134 54 139 0 1 0 1 0 1 0 1 0.1992217898832685
53 135 53 137 0 1 0 1 0 1 0 1 0 1 0.1649805447470817
52 134 54 137 0 1 0 1 0 1 0 1 0 1 0 1 0.19152615650670124
51 133 55 140 0 1 0 1 0 1 0 1 0.17630782533506267

rate_table
GEF neutron induced
2
0  1
101 285
21
0.1   404254567.7796509
0.2   562039594.7775505
0.3   745867268.357177
0.5   1047228460.9674237
1.0   1459606282.495192
2.0   1792035512.001884
3.0   1971412057.6603112
5.0   2175962543.8120875
7.0   2283652912.2490973
10.0   2398706968.6259375
25.0   3237038752.1951265
50.0   4600021717.476805
75.0   5047791004.0967455
100.0   4922040590.128262
125.0   4576298743.676231
150.0   4176299788.074246
175.0   3787793929.1980147
200.0   3433552146.228363
225.0   3118837448.832549
250.0   2842116986.244515
275.0   2599524391.4846325
50 139 51 141 0 1 0 1 0 1 0 1 0 1 0 1 0.21893063583815026
50 139 51 142 0 1 0 1 0 1 0 1 0 1 0.1935693641618497
49 137 52 144 0 1 0 1 0 1 0 1 0 1 0.2164017341040462
49 139 52 142 0 1 0 1 0 1 0 1 0 1 0.17557803468208089
50 140 51 141 0 1 0 1 0 1 0 1 0 1 0.1955202312138728

rate_table
GEF neutron induced
2
0  1
102 264
21
0.1   584867965.6832906
0.2   470323696.56262
0.3   485098749.79070264
0.5   566442090.7055882
1.0   769801841.0815922
2.0   995123265.4571557
3.0   1105188564.4037235
5.0   1264624912.3137944
7.0   1418515541.5449324
10.0   1661988990.8697412
25.0   2976219548.7762055
50.0   4566393079.645118
75.0   5059953009.285072
100.0   4942418283.061797
125.0   4596191304.283525
150.0   4193820684.1779976
175.0   3802812263.4000745
200.0   3446369562.20554
225.0   3129818515.5218344
250.0   2851589279.9576354
275.0   2607758790.2664976
50 129 52 133 0 1 0 1 0 1 0.2386140771409893
50 129 52 132 0 1 0 1 0 1 0 1 0.2164959686206145
50 130 52 132 0 1 0 1 0 1 0.18653301372848113
50 128 52 133 0 1 0 1 0 1 0 1 0.1785792111571148
51 130 51 132 0 1 0 1 0 1 0.17977772935280018

rate_table
GEF neutron induced
2
0  1
96 259
21
0.1   429410050.0080561
0.2   421740879.69689065
0.3   508807890.5654809
0.5   705492178.8687229
1.0   1038675013.6400224
2.0   1313127253.5012386
3.0   1475811192.3189125
5.0   1743619306.8169076
7.0   1956055622.2104552
10.0   2203646897.7128706
25.0   2968377655.288945
50.0   3492657361.282233
75.0   3512904874.2823815
100.0   3293970908.2168894
125.0   3000661834.828148
150.0   2705575406.679071
175.0   2434878380.4516745
200.0   2195368843.8237762
225.0   1986418793.3108945
250.0   1804888341.9599595
275.0   1647084363.3077242
46 120 50 134 0 1 0 1 0 1 0 1 0 1 0 1 0.21165776944163903
46 122 50 133 0 1 0 1 0 1 0 1 0 1 0.19391141249458954
46 122 50 132 0 1 0 1 0 1 0 1 0 1 0 1 0.17688645217140384
46 121 50 134 0 1 0 1 0 1 0 1 0 1 0.19968258548549994
46 120 50 135 0 1 0 1 0 1 0 1 0 1 0.2178617804068677

rate_table
GEF neutron induced
2
0  1
95 258
21
0.1   397445712.17374164
0.2   385979852.0833336
0.3   464189254.4279176
0.5   650232733.5372115
1.0   1022378370.7570283
2.0   1410230145.4703455
3.0   1618662162.5913448
5.0   1880109393.0419161
7.0   2045773861.3138764
10.0   2207157167.3319507
25.0   2763367608.7356734
50.0   3734760039.351394
75.0   4121233882.144398
100.0   4048939897.3909144
125.0   3785546330.557635
150.0   3468533980.9672513
175.0   3155195079.8698235
200.0   2866576546.214699
225.0   2608441399.4709144
250.0   2380386489.309546
275.0   2179742725.293819
45 121 50 132 0 1 0 1 0 1 0 1 0 1 0 1 0.18012422360248448
45 122 50 132 0 1 0 1 0 1 0 1 0 1 0.23007985803016862
45 121 50 133 0 1 0 1 0 1 0 1 0 1 0.18535936113575865
45 123 50 132 0 1 0 1 0 1 0 1 0.2220053238686779
45 123 50 131 0 1 0 1 0 1 0 1 0 1 0.18243123336291037

rate_table
GEF neutron induced
2
0  1
94 257
21
0.1   357936880.6638941
0.2   345851399.14003956
0.3   414540850.13589936
0.5   572646006.1723914
1.0   837903807.6153646
2.0   1040946049.2741733
3.0   1149796373.8271375
5.0   1315225144.170606
7.0   1434137940.9631183
10.0   1558445109.4646378
25.0   2022050825.3318677
50.0   2988036327.1753917
75.0   3458171386.0277753
100.0   3476996547.409084
125.0   3293069809.0833573
150.0   3041779499.1233587
175.0   2782203340.1969714
200.0   2537694282.725452
225.0   2316034488.8633676
250.0   2118427600.9020672
275.0   1943445910.62538
44 121 50 132 0 1 0 1 0 1 0 1 0 1 0.20105401844532275
44 120 50 133 0 1 0 1 0 1 0 1 0 1 0.17878787878787877
44 123 50 131 0 1 0 1 0 1 0 1 0.17700922266139657
44 122 50 131 0 1 0 1 0 1 0 1 0 1 0.20711462450592885
44 122 50 132 0 1 0 1 0 1 0 1 0.23603425559947297

rate_table
GEF neutron induced
2
0  1
95 260
21
0.1   366754968.99106544
0.2   358401611.54288626
0.3   426296566.7752669
0.5   569502545.1769089
1.0   760518276.2003127
2.0   802456193.1244137
3.0   773677361.7447387
5.0   738831849.4713601
7.0   736498548.347579
10.0   786472128.3598391
25.0   1709059634.1029248
50.0   3221468451.8375106
75.0   3754513040.024643
100.0   3733773263.816848
125.0   3501266452.3882275
150.0   3209379426.9798245
175.0   2918316698.9455123
200.0   2649696222.8270044
225.0   2409464059.0404496
250.0   2197379187.955186
275.0   2010956332.799229
45 124 50 132 0 1 0 1 0 1 0 1 0 1 0.22322435174746338
45 125 50 132 0 1 0 1 0 1 0 1 0.21154775326139477
45 123 50 132 0 1 0 1 0 1 0 1 0 1 0 1 0.20317281365759382
45 123 50 133 0 1 0 1 0 1 0 1 0 1 0.20349492671927846
45 124 50 133 0 1 0 1 0 1 0 1 0.15856015461426962
