# failed because SF rates too high
single_rate
GEF beta delayed
1
97  287
30.806541358219793
47 139 50 146 0 1 0 1 0.07129329438577345
48 141 49 142 0 1 0 1 0 1 0 1 0.0697525117966167
47 139 50 144 0 1 0 1 0 1 0 1 0.10297563637530896
48 140 49 144 0 1 0 1 0 1 0.10345713093442045
48 141 49 143 0 1 0 1 0 1 0.11173883735113795
48 140 49 143 0 1 0 1 0 1 0 1 0.1586364074085963
47 140 50 144 0 1 0 1 0 1 0.08095528520527719
47 139 50 145 0 1 0 1 0 1 0.08673321991461497
47 138 50 146 0 1 0 1 0 1 0.07161429075851443
48 140 49 145 0 1 0 1 0.06750553718742978
48 140 49 142 0 1 0 1 0 1 0 1 0 1 0.0753378486823099

single_rate
GEF beta delayed
1
98  289
18.240715277893297
49 143 49 143 0 1 0 1 0 1 0.08195614315669758
49 142 49 144 0 1 0 1 0 1 0.07559441305043181
48 141 50 144 0 1 0 1 0 1 0 1 0.131392827948964
48 140 50 144 0 1 0 1 0 1 0 1 0 1 0.1278743291751075
48 141 50 145 0 1 0 1 0 1 0.08881543874613497
48 142 50 144 0 1 0 1 0 1 0.08689625759675872
47 139 51 147 0 1 0 1 0 1 0.07993034083235596
49 142 49 143 0 1 0 1 0 1 0 1 0.09951309663432491
48 140 50 146 0 1 0 1 0 1 0.10928670433948182
48 140 50 145 0 1 0 1 0 1 0 1 0.11874044851974269

single_rate
GEF beta delayed
1
99  291
17.773004629742186
49 142 50 146 0 1 0 1 0 1 0.11565231466494011
48 141 51 147 0 1 0 1 0 1 0.11435739721592747
48 141 51 146 0 1 0 1 0 1 0 1 0.08781158951116866
48 140 51 147 0 1 0 1 0 1 0 1 0.10298640336678536
49 142 50 144 0 1 0 1 0 1 0 1 0 1 0.10776141146001941
49 142 50 145 0 1 0 1 0 1 0 1 0.11241502104240854
49 143 50 144 0 1 0 1 0 1 0 1 0.14883457429588862
49 143 50 145 0 1 0 1 0 1 0.11682583360310779
49 143 50 146 0 1 0 1 0.09335545483975397

single_rate
GEF beta delayed
1
101  288
1.0548579828944533
49 139 52 145 0 1 0 1 0 1 0 1 0.12133868808567604
50 140 51 144 0 1 0 1 0 1 0 1 0.1719946452476573
49 140 52 145 0 1 0 1 0 1 0.1112182061579652
49 139 52 146 0 1 0 1 0 1 0.15325301204819278
49 140 52 144 0 1 0 1 0 1 0 1 0.13370816599732263
50 140 51 143 0 1 0 1 0 1 0 1 0 1 0.13713520749665328
50 140 51 145 0 1 0 1 0 1 0.1713520749665328

single_rate
GEF beta delayed
1
97  260
0.02066178740345558
48 129 49 130 0 1 0.09344385832705349
48 128 49 130 0 1 0 1 0.17745003050202746
47 126 50 132 0 1 0 1 0.1617683998995227
48 127 49 131 0 1 0 1 0.1545196827789141
48 127 49 130 0 1 0 1 0 1 0.08859941866724082
47 127 50 132 0 1 0.09143431298668675
48 128 49 131 0 1 0.12380234686187963
47 127 50 131 0 1 0 1 0.1089819499766749

single_rate
GEF beta delayed
1
98  292
29.123831115964087
48 142 50 147 0 1 0 1 0 1 0.10057830572053768
48 141 50 148 0 1 0 1 0 1 0.08193966864645202
48 142 50 146 0 1 0 1 0 1 0 1 0.18482338230697096
48 142 50 145 0 1 0 1 0 1 0 1 0 1 0.11952954048140045
48 143 50 146 0 1 0 1 0 1 0.08854329477961866
48 141 50 147 0 1 0 1 0 1 0 1 0.09139574867145984
49 143 49 145 0 1 0 1 0 1 0 1 0.132541419193498
48 141 50 146 0 1 0 1 0 1 0 1 0 1 0.1098390121913098
49 144 49 145 0 1 0 1 0 1 0.09080962800875275

single_rate
GEF beta delayed
1
97  264
0.18317843038053525
47 128 50 133 0 1 0 1 0 1 0.07671372249777438
48 130 49 132 0 1 0 1 0.1330789774895078
47 129 50 132 0 1 0 1 0 1 0.09174615286786213
48 130 49 131 0 1 0 1 0 1 0.13305354190512525
47 129 50 133 0 1 0 1 0.09139005468650642
48 129 49 133 0 1 0 1 0.10431133155284242
47 128 50 134 0 1 0 1 0.09632455805672134
48 131 49 131 0 1 0 1 0.05186315655602187
48 129 49 132 0 1 0 1 0 1 0.10568485310950018
48 129 49 131 0 1 0 1 0 1 0 1 0.05468650642248505
48 130 49 133 0 1 0.06114714485565305

single_rate
GEF spontaneous
1
103  284
3.287544421152068e+53
50 137 53 144 0 1 0 1 0 1 0.10418295543393274
51 139 52 141 0 1 0 1 0 1 0 1 0.10981235340109459
51 139 52 142 0 1 0 1 0 1 0.1593432369038311
50 138 53 144 0 1 0 1 0.08909304143862393
51 140 52 141 0 1 0 1 0 1 0.10371383893666927
51 140 52 142 0 1 0 1 0.1158717748240813
50 137 53 145 0 1 0 1 0.10156372165754494
50 138 53 143 0 1 0 1 0 1 0.1220875684128225
51 139 52 143 0 1 0 1 0.09433150899139951

single_rate
GEF spontaneous
1
103  301
1.2764456613576673e+155
51 147 52 150 0 1 0 1 0 1 0 1 1.0

single_rate
GEF spontaneous
1
105  307
6.671155766191966e+171
52 150 53 153 0 1 0 1 0 1 0 1 0.2257020686467121
52 149 53 153 0 1 0 1 0 1 0 1 0 1 0.17762625678955277
51 149 54 154 0 1 0 1 0 1 0 1 0.20848260718825842
51 148 54 154 0 1 0 1 0 1 0 1 0 1 0.19946839246504106
52 150 53 152 0 1 0 1 0 1 0 1 0 1 0.1887206749104357

single_rate
GEF spontaneous
1
97  253
1.1892106013203265e-09
42 106 55 143 0 1 0 1 0 1 0 1 1.0

single_rate
GEF spontaneous
1
96  293
2.6358192227306657e+193
47 144 49 147 0 1 0 1 0.15292259083728277
48 144 48 146 0 1 0 1 0 1 0.3187993680884676
47 143 49 147 0 1 0 1 0 1 0.16727600993003836
48 145 48 146 0 1 0 1 0.21814488828706835
48 144 48 147 0 1 0 1 0.14285714285714282
