single_rate
exp from Semi-empirical formula for spontaneous fission half life time
1
90  232
1.8281795815313493e-29
36 88 54 142 0 1 0 1 0.1528368794326241
36 89 54 142 0 1 0.26970618034447824
34 85 56 146 0 1 0.18064842958459978
36 91 54 140 0 1 0.19128672745694025
34 85 56 145 0 1 0 1 0.20552178318135766

single_rate
exp from Semi-empirical formula for spontaneous fission half life time
1
100  250
2.7670617697881632e-08
44 106 56 140 0 1 0 1 0 1 0 1 0.22490165897041214
45 108 55 138 0 1 0 1 0 1 0 1 0.1737643235847443
46 110 54 136 0 1 0 1 0 1 0 1 0.18949888831879594
45 109 55 137 0 1 0 1 0 1 0 1 0.23653155464340686
44 107 56 139 0 1 0 1 0 1 0 1 0.17530357448264067

single_rate
exp from Semi-empirical formula for spontaneous fission half life time
1
92  234
1.4521746597567678e-24
36 88 56 144 0 1 0 1 0.16498371335504888
36 89 56 143 0 1 0 1 0.2605048859934853
40 98 52 134 0 1 0 1 0.1973127035830619
40 99 52 134 0 1 0.20716612377850166
38 93 54 139 0 1 0 1 0.1700325732899023

single_rate
exp from Semi-empirical formula for spontaneous fission half life time
1
100  252
1.7458979462782027e-10
45 109 55 139 0 1 0 1 0 1 0 1 0.47692307692307695
46 112 54 136 0 1 0 1 0 1 0 1 0.5230769230769231

single_rate
exp from Semi-empirical formula for spontaneous fission half life time
1
92  236
8.750217618907115e-25
36 89 56 145 0 1 0 1 0.24834897462634686
36 91 56 143 0 1 0 1 0.19273548835592627
36 90 56 144 0 1 0 1 0.19177963156065342
38 94 54 140 0 1 0 1 0.18595759471671877
38 93 54 141 0 1 0 1 0.1811783107403545

single_rate
exp from Semi-empirical formula for spontaneous fission half life time
1
100  254
3.48352437799046e-08
45 111 55 139 0 1 0 1 0 1 0 1 0.46602827177382583
44 108 56 142 0 1 0 1 0 1 0 1 0.5339717282261742

single_rate
exp from Semi-empirical formula for spontaneous fission half life time
1
92  238
2.704075754120851e-24
36 91 56 145 0 1 0 1 0.18555188852218557
40 101 52 136 0 1 0.2237807114044738
40 100 52 136 0 1 0 1 0.23221488815548222
38 95 54 141 0 1 0 1 0.18646864686468648
42 104 50 132 0 1 0 1 0.17198386505317198

single_rate
exp from Semi-empirical formula for spontaneous fission half life time
1
100  256
6.637718862328177e-05
44 109 56 143 0 1 0 1 0 1 0 1 0.1915254237288136
45 111 55 141 0 1 0 1 0 1 0 1 0.21016949152542377
46 114 54 138 0 1 0 1 0 1 0 1 0.201906779661017
44 108 56 144 0 1 0 1 0 1 0 1 0.1978813559322034
44 108 56 143 0 1 0 1 0 1 0 1 0 1 0.1985169491525424

single_rate
exp from Semi-empirical formula for spontaneous fission half life time
1
94  236
1.452174659756768e-17
38 92 56 142 0 1 0 1 0.22100108813928182
38 93 56 140 0 1 0 1 0 1 0.17464635473340584
38 91 56 142 0 1 0 1 0 1 0.16452665941240477
38 93 56 141 0 1 0 1 0.22774755168661587
38 92 56 141 0 1 0 1 0 1 0.2120783460282916

single_rate
exp from Semi-empirical formula for spontaneous fission half life time
1
102  252
0.07621120950260264
47 112 55 136 0 1 0 1 0 1 0 1 0.30464562239428233
46 109 56 138 0 1 0 1 0 1 0 1 0 1 0.3156640857653365
46 110 56 138 0 1 0 1 0 1 0 1 0.37969029184038117

single_rate
exp from Semi-empirical formula for spontaneous fission half life time
1
94  238
4.592179485211444e-19
38 92 56 143 0 1 0 1 0 1 0.23008732468907114
38 93 56 142 0 1 0 1 0 1 0.2410690658904472
38 94 56 142 0 1 0 1 0.24768457263826407
38 93 56 143 0 1 0 1 0.2811590367822175

single_rate
exp from Semi-empirical formula for spontaneous fission half life time
1
102  254
2.4100100526449245e-05
47 112 55 137 0 1 0 1 0 1 0 1 0 1 0.31326405867970664
46 110 56 139 0 1 0 1 0 1 0 1 0 1 0.3270171149144254
47 113 55 137 0 1 0 1 0 1 0 1 0.35971882640586794

single_rate
exp from Semi-empirical formula for spontaneous fission half life time
1
94  240
1.9143390307852134e-19
42 104 52 134 0 1 0 1 0.30952380952380953
38 94 56 143 0 1 0 1 0 1 0.2433712121212121
38 95 56 143 0 1 0 1 0.21604437229437232
38 94 56 144 0 1 0 1 0.23106060606060608

single_rate
exp from Semi-empirical formula for spontaneous fission half life time
1
102  256
0.00129425202784227

single_rate
exp from Semi-empirical formula for spontaneous fission half life time
1
94  242
3.2510141076907597e-19
42 106 52 134 0 1 0 1 0.24250529365875403
42 104 52 136 0 1 0 1 0.18633678814220436
42 104 52 135 0 1 0 1 0 1 0.19124038783015715
42 105 52 135 0 1 0 1 0.1988186782569932
43 107 51 133 0 1 0 1 0.18109885211189122

single_rate
exp from Semi-empirical formula for spontaneous fission half life time
1
104  254
27670.617697881607
47 111 57 139 0 1 0 1 0 1 0 1 1.0

single_rate
exp from Semi-empirical formula for spontaneous fission half life time
1
94  244
3.3267399542058213e-19
44 110 50 132 0 1 0 1 0.23297977306364084
42 107 52 135 0 1 0 1 0.22298963986186482
42 106 52 135 0 1 0 1 0 1 0.24148988653182044
42 106 52 136 0 1 0 1 0.3025407005426739

single_rate
exp from Semi-empirical formula for spontaneous fission half life time
1
104  256
112.72463924774439
49 116 55 135 0 1 0 1 0 1 0 1 0 1 0.23692468619246862
48 113 56 138 0 1 0 1 0 1 0 1 0 1 0.24215481171548112
47 111 57 140 0 1 0 1 0 1 0 1 0 1 0.2416317991631799
48 114 56 137 0 1 0 1 0 1 0 1 0 1 0.27928870292887026

single_rate
exp from Semi-empirical formula for spontaneous fission half life time
1
96  240
1.153503333995926e-14
40 96 56 141 0 1 0 1 0 1 0.34180790960451973
40 97 56 140 0 1 0 1 0 1 0.3709392655367232
40 96 56 140 0 1 0 1 0 1 0 1 0.287252824858757

single_rate
exp from Semi-empirical formula for spontaneous fission half life time
1
104  258
49.20608971520148
51 127 53 130 0 1 0.22143226473629782
51 127 53 129 0 1 0 1 0.1890511892450879
51 126 53 131 0 1 0.23565149948293693
50 125 54 132 0 1 0.15983712512926576
51 126 53 130 0 1 0 1 0.1940279214064116

single_rate
exp from Semi-empirical formula for spontaneous fission half life time
1
96  242
3.104694369895773e-15
40 96 56 142 0 1 0 1 0 1 0 1 0.21858579792823898
40 98 56 142 0 1 0 1 0.22038732922984536
40 97 56 142 0 1 0 1 0 1 0.3106140219186308
40 98 56 141 0 1 0 1 0 1 0.2504128509232848

single_rate
exp from Semi-empirical formula for spontaneous fission half life time
1
104  260
34.83524377990455
51 128 53 130 0 1 0 1 0.16130001201489846
51 127 53 132 0 1 0.21290400096119189
52 128 52 130 0 1 0 1 0.1789619127718371
51 127 53 131 0 1 0 1 0.23122672113420645
51 128 53 131 0 1 0.21560735311786614

single_rate
exp from Semi-empirical formula for spontaneous fission half life time
1
96  244
1.667319594645735e-15
42 103 54 138 0 1 0 1 0 1 0.25300377617576386
40 99 56 142 0 1 0 1 0 1 0.24630964641263306
41 101 55 140 0 1 0 1 0 1 0.2305183659457604
40 98 56 143 0 1 0 1 0 1 0.2701682114658428

single_rate
exp from Semi-empirical formula for spontaneous fission half life time
1
104  262
0.3326739954205822
51 129 53 132 0 1 0.2203075496484043
51 128 53 132 0 1 0 1 0.2791128969940499
51 128 53 133 0 1 0.29302217757514876
51 129 53 131 0 1 0 1 0.20755737578239702

single_rate
exp from Semi-empirical formula for spontaneous fission half life time
1
96  246
1.207866271299027e-15
42 104 54 138 0 1 0 1 0 1 0 1 0.4771842943049169
42 104 54 139 0 1 0 1 0 1 0.5228157056950831

single_rate
exp from Semi-empirical formula for spontaneous fission half life time
1
106  258
219.79552909688775
52 126 54 131 0 1 0.20069051641812974
53 127 53 129 0 1 0 1 0.1874678616028796
52 127 54 129 0 1 0 1 0.17659590097700725
52 127 54 130 0 1 0.1745390435613017
52 126 54 130 0 1 0 1 0.2607066774406817

single_rate
exp from Semi-empirical formula for spontaneous fission half life time
1
96  248
5.2725275065092055e-15
44 110 52 135 0 1 0 1 0 1 0.23250699720111956
42 105 54 140 0 1 0 1 0 1 0.2634946021591364
42 104 54 141 0 1 0 1 0 1 0.22610955617752904
42 104 54 140 0 1 0 1 0 1 0 1 0.2778888444622151

single_rate
exp from Semi-empirical formula for spontaneous fission half life time
1
106  260
98.17905647571945
52 128 54 130 0 1 0 1 0.19682025614603266
51 126 55 133 0 1 0.16774620933313705
52 127 54 132 0 1 0.20874429559841012
52 128 54 131 0 1 0.18276166642131605
52 127 54 131 0 1 0 1 0.24392757250110408

single_rate
exp from Semi-empirical formula for spontaneous fission half life time
1
96  250
1.9589297150520427e-12
42 106 54 141 0 1 0 1 0 1 0.23870691500749303
44 111 52 136 0 1 0 1 0 1 0.24491543566688076
42 106 54 140 0 1 0 1 0 1 0 1 0.25176621708413616
44 110 52 136 0 1 0 1 0 1 0 1 0.26461143224149003

single_rate
exp from Semi-empirical formula for spontaneous fission half life time
1
106  262
45.921794852114445
52 129 54 132 0 1 0.1776703859000782
53 129 53 131 0 1 0 1 0.18179233885295998
52 128 54 133 0 1 0.18612749626892192
52 128 54 132 0 1 0 1 0.27745007462156207
52 129 54 131 0 1 0 1 0.17695970435647784

single_rate
exp from Semi-empirical formula for spontaneous fission half life time
1
98  242
4.699145086512309e-07
42 100 56 139 0 1 0 1 0 1 0.23477177130394145
42 101 56 138 0 1 0 1 0 1 0.2528431219816171
42 100 56 138 0 1 0 1 0 1 0 1 0.26405982240224335
41 98 57 141 0 1 0 1 0 1 0.24832528431219816

single_rate
exp from Semi-empirical formula for spontaneous fission half life time
1
106  264
18.70763354411783
52 129 54 133 0 1 0 1 0.39460309777347535
52 130 54 132 0 1 0 1 0.3054211035818006
51 127 55 135 0 1 0 1 0.2999757986447241

single_rate
exp from Semi-empirical formula for spontaneous fission half life time
1
98  246
1.2078662712990271e-11
42 102 56 140 0 1 0 1 0 1 0 1 0.35842129417163837
44 106 54 136 0 1 0 1 0 1 0 1 0.32698485543827444
42 102 56 141 0 1 0 1 0 1 0.3145938503900872

single_rate
exp from Semi-empirical formula for spontaneous fission half life time
1
106  266
1.5922778514149443
52 131 54 133 0 1 0 1 0.18092105263157895
52 130 54 134 0 1 0 1 0.2784402412280702
53 131 53 133 0 1 0 1 0.19257127192982457
52 130 54 133 0 1 0 1 0 1 0.1715323464912281
52 130 54 135 0 1 0.17653508771929827

single_rate
exp from Semi-empirical formula for spontaneous fission half life time
1
98  248
6.792331196550206e-13
44 108 54 136 0 1 0 1 0 1 0 1 0.2636614535418583
42 103 56 142 0 1 0 1 0 1 0.23054277828886843
43 105 55 139 0 1 0 1 0 1 0 1 0.24231830726770928
42 102 56 142 0 1 0 1 0 1 0 1 0.26347746090156393

single_rate
exp from Semi-empirical formula for spontaneous fission half life time
1
108  264
348.3524377990455
53 129 55 133 0 1 0 1 0.32576903681290975
52 128 56 134 0 1 0 1 0.2069591527987897
53 129 55 132 0 1 0 1 0 1 0.2362077660110943
52 127 56 135 0 1 0 1 0.23106404437720623

single_rate
exp from Semi-empirical formula for spontaneous fission half life time
1
98  250
1.2942520278422698e-12
43 105 55 141 0 1 0 1 0 1 0 1 0.19324346098071862
44 108 54 138 0 1 0 1 0 1 0 1 0.23390085396637844
43 106 55 141 0 1 0 1 0 1 0.18749664321392126
42 104 56 143 0 1 0 1 0 1 0.1799774423975509
42 104 56 142 0 1 0 1 0 1 0 1 0.2053815994414308

single_rate
exp from Semi-empirical formula for spontaneous fission half life time
1
110  270
8.75021761890708
54 132 56 136 0 1 0 1 0.37149315250631565
54 132 56 135 0 1 0 1 0 1 0.30182156628107965
54 131 56 136 0 1 0 1 0 1 0.3266852812126047

single_rate
exp from Semi-empirical formula for spontaneous fission half life time
1
98  252
2.582372297225737e-10
43 107 55 141 0 1 0 1 0 1 0 1 0.3252634577043577
42 104 56 144 0 1 0 1 0 1 0 1 0.3526060951295927
44 108 54 140 0 1 0 1 0 1 0 1 0.32213044716604955

single_rate
exp from Semi-empirical formula for spontaneous fission half life time
1
112  282
875.0217618907079
55 137 57 141 0 1 0 1 0 1 0 1 0.3525
55 137 57 140 0 1 0 1 0 1 0 1 0 1 0.3133333333333333
55 136 57 141 0 1 0 1 0 1 0 1 0 1 0.33416666666666667

single_rate
exp from Semi-empirical formula for spontaneous fission half life time
1
98  254
1.3243990303361514e-07
44 110 54 140 0 1 0 1 0 1 0 1 0.37384957156458265
44 109 54 140 0 1 0 1 0 1 0 1 0 1 0.2995874325610917
43 107 55 143 0 1 0 1 0 1 0 1 0.3265629958743256

single_rate
exp from Semi-empirical formula for spontaneous fission half life time
1
112  284
6.950544914679772
55 137 57 143 0 1 0 1 0 1 0 1 0.35090191657271697
54 136 58 144 0 1 0 1 0 1 0 1 0.29171364148816237
55 137 57 142 0 1 0 1 0 1 0 1 0 1 0.3573844419391206

single_rate
exp from Semi-empirical formula for spontaneous fission half life time
1
100  246
0.0875021761890708
44 105 56 138 0 1 0 1 0 1 0.23611900701155963
43 103 57 139 0 1 0 1 0 1 0 1 0.22057987492893688
42 100 58 142 0 1 0 1 0 1 0 1 0.24767860526814478
44 104 56 138 0 1 0 1 0 1 0 1 0.2956225127913587

single_rate
exp from Semi-empirical formula for spontaneous fission half life time
1
102  262
138.61775283233132
50 128 52 133 0 1 0.21046410032379095
50 128 52 132 0 1 0 1 0.23621318805571265
50 129 52 132 0 1 0.20784293570437376
51 130 51 131 0 1 0.20033920953898343
50 129 52 131 0 1 0 1 0.14514056637713937

single_rate
manual add from nudat3
1
98  238
31.21
42 98 56 137 0 1 0 1 0 1 0.33071679405081594
40 95 58 140 0 1 0 1 0 1 0.3121255938855608
41 96 57 139 0 1 0 1 0 1 0.3571576120636232

single_rate
manual add from nudat3
1
98  256
9.39e-4
42 106 56 146 0 1 0 1 0 1 0 1 0.1958762886597938
44 112 54 140 0 1 0 1 0 1 0 1 0.20017182130584193
44 110 54 142 0 1 0 1 0 1 0 1 0.20103092783505155
43 109 55 143 0 1 0 1 0 1 0 1 0.20833333333333334
44 110 54 141 0 1 0 1 0 1 0 1 0 1 0.1945876288659794

single_rate
manual add from nudat3
1
100  241
740.62
44 102 56 136 0 1 0 1 0 1 0.2394416607015032
42 98 58 140 0 1 0 1 0 1 0.2777380100214746
42 97 58 140 0 1 0 1 0 1 0 1 0.23371510379384394
43 100 57 138 0 1 0 1 0 1 0.2491052254831782

single_rate
manual add from nudat3
1
100  242
866.43
42 99 58 140 0 1 0 1 0 1 0.3037209302325582
43 101 57 138 0 1 0 1 0 1 0.3241860465116279
42 98 58 140 0 1 0 1 0 1 0 1 0.372093023255814

single_rate
manual add from nudat3
1
100  244
215.49768
43 101 57 139 0 1 0 1 0 1 0 1 0.27583683921712093
44 104 56 137 0 1 0 1 0 1 0.24821657216023416
44 103 56 137 0 1 0 1 0 1 0 1 0.23230290835924639
43 102 57 139 0 1 0 1 0 1 0.24364368026339858

single_rate
manual add from nudat3
1
100  258
1873.37
49 127 51 130 0 1 0.25499417927823054
50 127 50 130 0 1 0.15850989522700815
49 126 51 131 0 1 0.23655413271245634
50 128 50 129 0 1 0.1940861466821886
48 125 52 132 0 1 0.15585564610011643

single_rate
manual add from nudat3
1
100  259
0.462
50 128 50 130 0 1 0.166950233943003
49 126 51 132 0 1 0.133205728058982
48 126 52 132 0 1 0.10396285268679994
49 128 51 130 0 1 0.15649369062810153
48 125 52 133 0 1 0.11293066780093577
49 127 51 131 0 1 0.21338437544307387
50 128 50 129 0 1 0 1 0.11307245143910392

single_rate
manual add from nudat3
1
101  259
1.196e-4
49 127 52 131 0 1 0.16663353543385348
49 126 52 132 0 1 0.20330981015803598
50 128 51 130 0 1 0.25688301361693666
50 127 51 131 0 1 0.2146406917801411
50 127 51 130 0 1 0 1 0.15853294901103268

single_rate
manual add from nudat3
1
102  250
150684
45 107 57 139 0 1 0 1 0 1 0 1 0.22578899909828676
47 111 55 135 0 1 0 1 0 1 0 1 0.19549143372407576
46 109 56 137 0 1 0 1 0 1 0 1 0.19350766456266907
46 108 56 138 0 1 0 1 0 1 0 1 0.1897204688908927
46 108 56 137 0 1 0 1 0 1 0 1 0 1 0.19549143372407576

single_rate
manual add from nudat3
1
102  258
563.5
51 128 51 129 0 1 0.17245431576473352
50 126 52 130 0 1 0 1 0.2206357600329044
50 127 52 130 0 1 0.22704036664903932
50 126 52 131 0 1 0.21805041424290497
51 127 51 130 0 1 0.16181914331041775

single_rate
manual add from nudat3
1
102  260
6.478
49 126 53 133 0 1 0.1234445817882159
50 128 52 130 0 1 0 1 0.14004944375772557
51 128 51 131 0 1 0.12764730119489082
50 128 52 131 0 1 0.15504738360115367
50 127 52 132 0 1 0.18487845076225792
50 127 52 131 0 1 0 1 0.14223320972393902
51 129 51 130 0 1 0.12669962917181707

single_rate
manual add from nudat3
1
103  261
2.75e-4
50 127 53 133 0 1 0.22594976362704333
51 128 52 131 0 1 0 1 0.19969243036965312
51 129 52 130 0 1 0 1 0.18271914336162212
51 128 52 132 0 1 0.20328074272369995
51 129 52 131 0 1 0.18835791991798145

single_rate
manual add from nudat3
1
103  264
3.929e-5
50 128 53 135 0 1 0.1813597635193879
51 130 52 132 0 1 0 1 0.24673969744392274
50 129 53 134 0 1 0.17457833420274735
51 131 52 132 0 1 0.17556367008636178
51 130 52 133 0 1 0.22175853474758012

single_rate
manual add from nudat3
1
103  266
1.75e-5
51 131 52 133 0 1 0 1 0.23094806078475844
51 130 52 134 0 1 0 1 0.17226128373780902
51 131 52 134 0 1 0.21280335677024267
50 129 53 135 0 1 0 1 0.2086073939668859
50 130 53 135 0 1 0.1753799047403039

single_rate
manual add from nudat3
1
104  253
67.3
48 112 56 136 0 1 0 1 0 1 0 1 0 1 1.0

single_rate
manual add from nudat3
1
104  263
8.476e-4
51 129 53 133 0 1 0.2322589475124889
51 129 53 132 0 1 0 1 0.1895572435502635
51 128 53 133 0 1 0 1 0.2156983507835489
52 130 52 131 0 1 0 1 0.17860808868815442
51 128 53 134 0 1 0.18387736946554442

single_rate
manual add from nudat3
1
104  265
0.01155
51 130 53 134 0 1 0.2910813459653708
51 130 53 133 0 1 0 1 0.3003920287487749
51 129 53 135 0 1 0.197484482195361
52 131 52 132 0 1 0 1 0.2110421430904933

single_rate
manual add from nudat3
1
104  267
1.48e-4
50 129 54 136 0 1 0 1 0.17144930404380238
52 132 52 133 0 1 0 1 0.17125140180750711
51 131 53 135 0 1 0.21340457813839964
51 130 53 135 0 1 0 1 0.220001319348242
51 131 53 134 0 1 0 1 0.22389339666204897

single_rate
manual add from nudat3
1
105  266
4.81e-4
52 131 53 134 0 1 0.18098502868336364
51 130 54 134 0 1 0 1 0.20910871694417235
52 131 53 133 0 1 0 1 0.23184552959283616
51 129 54 135 0 1 0 1 0.18777109276619558
52 130 53 134 0 1 0 1 0.1902896320134322

single_rate
manual add from nudat3
1
105  267
1.46e-4
51 130 54 135 0 1 0 1 0.21502559103095295
51 130 54 136 0 1 0.18352425054837923
52 132 53 133 0 1 0 1 0.19571045576407506
52 132 53 134 0 1 0.17791859614915914
52 131 53 134 0 1 0 1 0.22782110650743356

single_rate
manual add from nudat3
1
105  270
1.28e-5
52 133 53 135 0 1 0 1 0.3063000348068221
51 132 54 136 0 1 0 1 0.2525583014270797
51 131 54 137 0 1 0 1 0.19825965889314304
52 132 53 135 0 1 0 1 0 1 0.24288200487295508

single_rate
manual add from nudat3
1
106  258
256.72
52 126 54 131 0 1 0.20069051641812974
53 127 53 129 0 1 0 1 0.1874678616028796
52 127 54 129 0 1 0 1 0.17659590097700725
52 127 54 130 0 1 0.1745390435613017
52 126 54 130 0 1 0 1 0.2607066774406817

single_rate
manual add from nudat3
1
106  262
57.15
52 129 54 132 0 1 0.1776703859000782
53 129 53 131 0 1 0 1 0.18179233885295998
52 128 54 133 0 1 0.18612749626892192
52 128 54 132 0 1 0 1 0.27745007462156207
52 129 54 131 0 1 0 1 0.17695970435647784

single_rate
manual add from nudat3
1
106  264
11.55
52 129 54 133 0 1 0 1 0.39460309777347535
52 130 54 132 0 1 0 1 0.3054211035818006
51 127 55 135 0 1 0 1 0.2999757986447241

single_rate
manual add from nudat3
1
106  266
2.04
52 131 54 133 0 1 0 1 0.18092105263157895
52 130 54 134 0 1 0 1 0.2784402412280702
53 131 53 133 0 1 0 1 0.19257127192982457
52 130 54 133 0 1 0 1 0 1 0.1715323464912281
52 130 54 135 0 1 0.17653508771929827

single_rate
manual add from nudat3
1
106  267
6.85e-3
52 131 54 134 0 1 0 1 0.2523322104172065
52 130 54 135 0 1 0 1 0.22505830526043014
52 131 54 135 0 1 0.17426794506348792
52 130 54 134 0 1 0 1 0 1 0.16442083441306035
53 132 53 133 0 1 0 1 0.18392070484581494
