232 Th 23.61 21.08 21.08 21.88 250 Fm -1.81 -0.1 -0.63 -1.57
234 U 17.6 16.18 16.18 16.03 252 Fm -1.34 2.1 0.22 -0.92
236 U 17.44 16.4 16.36 16.56 254 Fm -1.52 -0.2 -0.29 0.98
238 U 16.53 15.91 16.26 16.38 256 Fm -2.32 -3.48 -2.13 -1.76
236 Pu 11.05 9.18 10.46 9.71 252 No -6.19 -6.54 -6.12 -6.04
238 Pu 11.81 10.68 11.41 10.99 254 No -4.96 -3.04 -3.48 -4.65
240 Pu 11.82 11.06 11.78 11.55 256 No -4.41 -4.77 -2.48 -3.97
242 Pu 11.14 10.83 11.57 11.4 254 Rf -10.62 -12.1 -13.51 -10.62
244 Pu 9.8 10.82 10.81 10.54 256 Rf -8.68 -9.71 -8.55 -8.48
240 Cm 5.69 6.28 5.53 5.02 258 Rf -7.41 -9.35 -5.54 -7.06
242 Cm 6.61 6.85 6.94 6.33 260 Rf -6.78 -9.2 -4.41 -6.36
244 Cm 6.8 7.12 7.47 6.92 262 Rf -6.77 -7.18 -5.13 -6.36
246 Cm 6.32 7.26 7.17 6.8 258 Sg -12.34 -10 -15.65 -12.34
248 Cm 5.19 6.62 6.03 5.96 260 Sg -10.39 -9.65 -10.1 -10.17
250 Cm 3.44 4.05 4.1 4.41 262 Sg -9.1 -9.32 -6.72 -8.72
242 Cf -0.76 -1.33 -1.95 -1.27 264 Sg -8.44 -8.93 -5.47 -7.98
246 Cf 2.06 3.26 2.88 2.12 266 Sg -8.37 -7.86 -6.3 -7.96
248 Cf 2.41 4.51 3.58 2.74 264 Hs -11.33 -10.2 -10.64 -11.02
250 Cf 2.09 4.23 3.17 2.65 270 Ds -10.19 -8.6 -6.05 -9.46
252 Cf 1.14 1.93 1.68 1.84 282 Cn -10.09 -10.6 -13.99 -9.39
254 Cf -0.42 -0.78 -0.86 0.32 284 Cn -11.48 -8.5 -23.03 -11.43
246 Fm -4.81 -6.6 -6.56 -5.01 262 No 0 -9.7998 0 0