0.000000e-01  9.735010e-02  9.735010e+06
5.000000e-01  9.735010e-02  9.735010e+06
1.000000e+00  6.065307e-01  6.065307e+07
1.500000e+00  1.594237e+00  1.594237e+08
2.000000e+00  2.943036e+00  2.943036e+08
2.500000e+00  4.476637e+00  4.476637e+08
3.000000e+00  6.024514e+00  6.024514e+08
3.500000e+00  7.450558e+00  7.450558e+08
4.000000e+00  8.661458e+00  8.661458e+08
4.500000e+00  9.604504e+00  9.604504e+08
5.000000e+00  1.026062e+01  1.026062e+09
5.500000e+00  1.063600e+01  1.063600e+09
6.000000e+00  1.075401e+01  1.075401e+09
6.500000e+00  1.064837e+01  1.064837e+09
7.000000e+00  1.035770e+01  1.035770e+09
7.500000e+00  9.921549e+00  9.921549e+08
8.000000e+00  9.377607e+00  9.377607e+08
8.500000e+00  8.760023e+00  8.760023e+08
9.000000e+00  8.098458e+00  8.098458e+08
9.500000e+00  7.417747e+00  7.417747e+08
1.000000e+01  6.737947e+00  6.737947e+08
1.050000e+01  6.074658e+00  6.074658e+08
1.100000e+01  5.439493e+00  5.439493e+08
1.150000e+01  4.840612e+00  4.840612e+08
1.200000e+01  4.283284e+00  4.283284e+08
1.250000e+01  3.770418e+00  3.770418e+08
1.300000e+01  3.303056e+00  3.303056e+08
1.350000e+01  2.880803e+00  2.880803e+08
1.400000e+01  2.502204e+00  2.502204e+08
1.450000e+01  2.165055e+00  2.165055e+08
1.500000e+01  1.866660e+00  1.866660e+08
1.550000e+01  1.604031e+00  1.604031e+08
1.600000e+01  1.374055e+00  1.374055e+08
1.650000e+01  1.173606e+00  1.173606e+08
1.700000e+01  9.996401e-01  9.996401e+07
1.750000e+01  8.492537e-01  8.492537e+07
1.800000e+01  7.197260e-01  7.197260e+07
1.850000e+01  6.085429e-01  6.085429e+07
1.900000e+01  5.134087e-01  5.134087e+07
1.950000e+01  4.322476e-01  4.322476e+07
2.000000e+01  3.631994e-01  3.631994e+07
2.050000e+01  3.046093e-01  3.046093e+07
2.100000e+01  2.550151e-01  2.550151e+07
2.150000e+01  2.131325e-01  2.131325e+07
2.200000e+01  1.778397e-01  1.778397e+07
2.250000e+01  1.481612e-01  1.481612e+07
2.300000e+01  1.232528e-01  1.232528e+07
2.350000e+01  1.023867e-01  1.023867e+07
2.400000e+01  8.493759e-02  8.493759e+06
2.450000e+01  7.037053e-02  7.037053e+06
2.500000e+01  5.822896e-02  5.822896e+06
2.550000e+01  4.812446e-02  4.812446e+06
2.600000e+01  3.972755e-02  3.972755e+06
2.650000e+01  3.275938e-02  3.275938e+06
2.700000e+01  2.698459e-02  2.698459e+06
2.750000e+01  2.220491e-02  2.220491e+06
2.800000e+01  1.825372e-02  1.825372e+06
2.850000e+01  1.499126e-02  1.499126e+06
2.900000e+01  1.230054e-02  1.230054e+06
2.950000e+01  1.008376e-02  1.008376e+06
3.000000e+01  8.259363e-03  8.259363e+05
